# U m1 m2 mu_new d_1 d_2 d_inter Z1_up_n Z1_down_n Z2_up_n Z2_down_n lamda1_up_new lamda2_up_new lamda1_down_new lamda2_down_new h1_new_up h1_new_down h2_new_up h2_new_down lamda1_0_up lamda1_0_down lamda2_0_up lamda2_0_down f1_up f1_down f2_up f2_down spin_occ_1up spin_occ_1down spin_occ_2up spin_occ_2down 
0.0 0.0006224380386161132 0.0006224380386321005 3.876329950135049e-05 0.25000287054087017 0.2500028705408689 1.0000118092340582 1.000000027058274 1.0000000135890783 1.000000027058274 1.0000000135890783 0.0004804262719262149 0.00048042627194620996 -0.0004904501067951031 -0.0004904501068108796 -0.21220375258612906 -0.2122037537381034 -0.21220375258612906 -0.2122037537381034 0.0005283219363772303 -0.0005283479764200881 0.0005283219363906122 -0.0005283479764338467 0.4996887886504145 0.5003112266890306 0.4996887886504066 0.5003112266890387 0.49971700187575246 0.5002889027238454 0.4997170018757407 0.5002889027238546
0.1 0.0009574936466318351 0.0009574931302029355 4.096987986058088e-05 0.24278338346844414 0.2427833834687907 0.9865275645934041 0.9987500905236643 0.998750066015665 0.9987500905234303 0.9987500660154417 0.0007315977326527387 0.0007315974012873695 -0.0007441453106305144 -0.0007441449798532117 -0.21207202289107463 -0.2120720251844365 -0.21207202289108626 -0.2120720251844479 0.000811701739186794 -0.0008117451161597933 0.0008117013009725128 -0.0008117446787583387 0.4995212659686738 0.5004787596153056 0.49952126622712795 0.5004787593573309 0.4995368366655091 0.5004697602225625 0.49953683686981043 0.5004697600186065
0.2 0.00969814292013449 0.009698142896199025 0.0005935614093180061 0.2357833546696424 0.23578335467075706 0.9753035702187256 0.9952397889875666 0.9952395136139816 0.9952397889904148 0.9952395136168058 0.007133397647373013 0.007133397513310615 -0.007143005258270029 -0.007143005125543466 -0.2116956766999618 -0.21169570630032206 -0.21169567670009926 -0.21169570630045745 0.008195602188416846 -0.008191239802301385 0.008195602168141409 -0.008191239782159639 0.49514963789454614 0.5048477808146806 0.4951496379065535 0.5048477808027525 0.4951584339235364 0.5048461077367605 0.4951584340097674 0.5048461076513087
0.30000000000000004 0.060919293924724394 0.06091929392471962 0.0067113272967510166 0.2282714305400675 0.2282714305400653 0.9663338069492409 0.9898351712966711 0.9898330705668957 0.9898351712966698 0.9898330705668955 0.04193208513064457 0.041932085130647834 -0.041939028727632284 -0.04193902872762797 -0.2109927317941768 -0.21099295527147208 -0.2109927317941768 -0.21099295527147208 0.051347523783722177 -0.051337832356836394 0.05134752378371818 -0.05133783235683225 0.46953749954979485 0.5304567934745192 0.4695374995497972 0.5304567934745168 0.4695392594304133 0.5304636901073935 0.4695392594304113 0.530463690107391
0.4 0.14685426314250616 0.1468542631424964 0.005196289706287762 0.2183653726060466 0.2183653726060487 0.9604484186274542 0.9832526058763028 0.9832469577306349 0.9832526058763013 0.9832469577306313 0.09568181793285765 0.09568181793285332 -0.09569201046826525 -0.09569201046826895 -0.20948200885981724 -0.20948261014897138 -0.20948200885981733 -0.20948261014897146 0.12471307603050534 -0.12470295584108174 0.12471307603049664 -0.12470295584107292 0.42657001494090296 0.5734242780834091 0.42657001494090785 0.5734242780834042 0.4265688465401978 0.573434968325923 0.4265688465402 0.573434968325925
0.5 0.2446419587671681 0.24464195876716988 0.003940755054940484 0.20539785392421323 0.20539785392421453 0.9581806776148922 0.9765253505553138 0.9765152500103743 0.9765253505553181 0.9765152500103772 0.1539506796057039 0.15395067960569797 -0.15396362261709204 -0.15396362261708982 -0.2066363453902132 -0.20663741395156937 -0.20663634539021333 -0.20663741395156937 0.21254629145564433 -0.21253511257588412 0.21254629145564669 -0.21253511257588617 0.377676167128572 0.6223181258957401 0.3776761671285711 0.622318125895741 0.377676580797886 0.622327575517001 0.37767658079788946 0.622327575516999
0.6000000000000001 0.3415060423355959 0.341506042335591 0.002867843625610088 0.19010928970852115 0.19010928970852176 0.9590709646368002 0.9705349369871157 0.9705203806102918 0.9705349369871101 0.9705203806102825 0.21191755723194872 0.21191755723194933 -0.2119320354274062 -0.21193203542741235 -0.2022453179447685 -0.20224683657258258 -0.20224531794476835 -0.20224683657258238 0.3081109891231695 -0.3080979754363106 0.3081109891231627 -0.30809797543630324 0.3292441253443581 0.670750167679954 0.32924412534436054 0.6707501676799515 0.3292513684323135 0.6707525328425235 0.32925136843231234 0.6707525328425271
0.7000000000000001 0.43188499344941295 0.4318849934494708 0.0018520019531546043 0.1735615678080044 0.17356156780800874 0.9621741917726336 0.9658449379465393 0.9658268642983483 0.9658449379465894 0.9658268642983684 0.2692913809707305 0.26929138097074334 -0.2693049558274369 -0.26930495582749214 -0.1963671246738048 -0.1963689636613689 -0.1963671246738023 -0.19636896366136816 0.4098402018804366 -0.40982440721591434 0.40984020188052195 -0.4098244072159973 0.2840546497874495 0.7159396432368624 0.2840546497874206 0.7159396432368914 0.2840760728942415 0.7159269475823944 0.28407607289423603 0.7159269475824146
0.8 0.5130300014200033 0.5130300014201772 0.0008304533050106454 0.1567549692014366 0.15675496920141851 0.9664947841527005 0.9626739868853378 0.9626536487801558 0.9626739868854336 0.9626536487802674 0.32654072997176403 0.3265407299719349 -0.32655075395998573 -0.32655075396013555 -0.18924697799873083 -0.18924897872221902 -0.18924697799872478 -0.18924897872221177 0.5171658709594735 -0.5171461494500242 0.517165870959783 -0.5171461494503349 0.24348214580215427 0.7565121472221576 0.2434821458020674 0.7565121472222446 0.2435200326848927 0.756481788900007 0.24352003268483796 0.7564817889000561
0.9 0.5840519747492605 0.5840519747492797 -0.000173974416067247 0.14044367209586806 0.14044367209587494 0.9712425197848479 0.9609842366094707 0.9609629393924344 0.9609842366095336 0.9609629393924618 0.3843400723358126 0.3843400723357933 -0.38434364216617395 -0.3843436421661927 -0.18122267126999486 -0.1812246807600426 -0.1812226712699944 -0.1812246807600427 0.6299154851892136 -0.6298904335838882 0.6299154851892749 -0.6298904335839394 0.20797115913752579 0.7920231338867864 0.20797115913751615 0.7920231338867959 0.20801986410839046 0.791980661822804 0.20801986410839912 0.7919806618228055
1.0 0.6450289438151761 0.6450289438151127 -0.0010985044775151317 0.12514159182849258 0.12514159182848364 0.9758785382677952 0.9605311100100606 0.9605099357518914 0.9605311100098886 0.9605099357517851 0.44317525582870126 0.443175255828694 -0.4431694509735306 -0.4431694509734687 -0.1726619214444919 -0.17266382703103503 -0.17266192144449374 -0.17266382703103997 0.7477119226354688 -0.7476798485557479 0.747711922635232 -0.7476798485555493 0.17748267460456804 0.8225116184197441 0.17748267460459966 0.8225116184197123 0.1775227694002397 0.8224765365414657 0.17752276940023182 0.8224765365414584
1.1 0.6966839141842653 0.6966839141839394 -0.0020116205875877493 0.11116099773369977 0.11116099773370736 0.980086551288156 0.9611908867166548 0.9611705652717173 0.9611908867159142 0.9611705652709408 0.503263325848277 0.5032633258479144 -0.5032452765988169 -0.5032452765985114 -0.1639023852495258 -0.163904119596382 -0.16390238524954798 -0.16390411959640788 0.8701612612528975 -0.8701201243494789 0.8701612612515054 -0.8701201243480898 0.15165518942002335 0.8483391036042887 0.15165518942018627 0.8483391036041257 0.15170396876087006 0.8482942877554605 0.15170396876089554 0.8482942877554418
1.2000000000000002 0.7399384032955502 0.7399384032956161 -0.0028790808921560604 0.0986425619460767 0.09864256194609398 0.98372245744863 0.9625514195852757 0.9625323732571618 0.9625514195856116 0.9625323732573485 0.5645265725461213 0.5645265725460498 -0.5644934377129204 -0.56449343771305 -0.15523646952524814 -0.155238007346423 -0.1552364695252393 -0.15523800734642113 0.9962369228721469 -0.9961843802482135 0.9962369228725676 -0.9961843802486017 0.13002794486438093 0.8699663481599311 0.13002794486434796 0.8699663481599641 0.13007534707107898 0.86992205659849 0.1300753470710988 0.8699220565984936
1.3 0.7759592306351336 0.7759592306350198 -0.0037237132939753875 0.08759452394595509 0.08759452394595087 0.9867619223153979 0.9644253528333382 0.9644077273504156 0.9644253528328615 0.9644077273499044 0.6268073364468074 0.6268073364466805 -0.6267562672008575 -0.626756267200773 -0.1468707654658376 -0.1468721087407632 -0.14687076546584898 -0.14687210874077491 1.1251783472327792 -1.125111715701135 1.1251783472319223 -1.1251117157002628 0.1120175311945892 0.8879767618297228 0.11201753119464619 0.887976761829666 0.11206797092478726 0.8879287672820781 0.11206797092478188 0.8879287672820884
1.4000000000000001 0.8058807382493591 0.8058807382494423 -0.004534103841663452 0.07793536115168384 0.07793536115168083 0.9892488355693078 0.9665519058674309 0.9665357044677021 0.9665519058677288 0.9665357044679499 0.6899042950108443 0.6899042950110837 -0.6898323026882565 -0.6898323026884752 -0.13894124547833564 -0.13894241107824654 -0.13894124547832884 -0.1389424110782318 1.256120511406 -1.256036814461232 1.2561205114067429 -1.2560368144618688 0.0970567773874765 0.9029375156368357 0.09705677738743487 0.9029375156368772 0.09710725698003525 0.9028889704525215 0.09710725698002559 0.9028889704525365
1.5 0.8307547468791073 0.8307547468787064 -0.005310252535228273 0.06953830190675309 0.0695383019067495 0.9912565325996507 0.9687794229667693 0.9687645524433969 0.968779422964659 0.9687645524411009 0.7535962513228037 0.7535962513218611 -0.753500178690093 -0.7535001786894571 -0.13151956665603806 -0.1315205774488001 -0.1315195666560893 -0.13152057744886064 1.3883700601747593 -1.3882660273012812 1.3883700601701334 -1.38826602729662 0.08461977307260236 0.9153745199517097 0.08461977307280279 0.9153745199515092 0.08466914715556467 0.9153266920338474 0.08466914715556545 0.9153266920338643
1.6 0.8514983618386849 0.8514983618392107 -0.006057866350352189 0.062257935170392575 0.062257935170414905 0.9928655126058528 0.9710295878545979 0.9710158933371144 0.9710295878580695 0.9710158933406701 0.8176858410908086 0.8176858410920076 -0.8175623421806512 -0.817562342181692 -0.1246307520247535 -0.12463163187303329 -0.12463075202467304 -0.12463163187294812 1.5214193148432398 -1.5212913801278718 1.5214193148508723 -1.5212913801355108 0.0742479655928136 0.9257463274314984 0.07424796559255066 0.9257463274317613 0.07429810818930643 0.92569743742415 0.07429810818932842 0.9256974374241209
1.7000000000000002 0.868876749316306 0.8688767493150922 -0.006788359238408591 0.05594612125362687 0.055946121253501575 0.994151749426974 0.9732048248322966 0.9731921545685398 0.9732048248217549 0.9731921545581346 0.8820415365766885 0.8820415365747392 -0.8818870053990641 -0.881887005396904 -0.11826974270072936 -0.11827051368125256 -0.11826974270093868 -0.11827051368145826 1.6548322984234933 -1.6546766400624622 1.6548322984009032 -1.6546766400399422 0.06555877185400306 0.934435521170309 0.06555877185460997 0.9344355211697022 0.06560869061651925 0.9343866311159651 0.0656086906163671 0.9343866311161076
1.8 0.8835155768601519 0.8835155768586606 -0.007496024223713342 0.05046794948919923 0.05046794948902286 0.9951800109894204 0.9752794995194233 0.9752676885066959 0.9752794995042409 0.9752676884915347 0.9465175694941576 0.9465175694915924 -0.9463281829253576 -0.946328182922849 -0.1124132186112508 -0.11241390021704828 -0.11241321861152861 -0.112413900217331 1.7883059053279813 -1.7881184333618336 1.7883059052939803 -1.7881184333279385 0.058239358082080084 0.941754934942232 0.05823935808282581 0.9417549349414863 0.05828943132465836 0.9417057192895044 0.05828943132444153 0.9417057192897202
1.9000000000000001 0.895922923685329 0.8959229236865385 -0.008186568281957336 0.04570119920159475 0.04570119920171648 0.996004212952701 0.9772284278554051 0.9772173216580776 0.9772284278687466 0.9772173216714397 1.0110395826628251 1.011039582665791 -1.0108112699711915 -1.0108112699743301 -0.10702717757737007 -0.1070277865405074 -0.10702717757711307 -0.10702778654026174 1.9216409707854007 -1.92141734203632 1.9216409708176054 -1.9214173420687375 0.052035684669491544 0.9479586083548206 0.05203568466888678 0.9479586083554252 0.052085843485251526 0.9479091751955986 0.05208584348539469 0.947909175195454
2.0 0.906505702222937 0.9065057022254782 -0.008865698388825057 0.041540379238757655 0.041540379239124306 0.996667449650566 0.9790463029154319 0.9790357578108009 0.9790463029496156 0.979035757844865 1.0755494452789454 1.0755494452835412 -1.0752778911397765 -1.0752778911444736 -0.10207370333737309 -0.10207425371416064 -0.1020737033368077 -0.10207425371359316 2.054710815178976 -2.054446432866825 2.0547108152623403 -2.0544464329499985 0.0467442954006876 0.9532499976236246 0.04674429539941693 0.9532499976248952 0.04679458113147489 0.9532003349613967 0.04679458113191781 0.9532003349609594
2.1 0.9155884903865397 0.9155884903859905 -0.00952770756863151 0.03789551560157961 0.03789551560153992 0.9972037192861681 0.9807276717728846 0.980717554721229 0.9807276717657684 0.9807175547139063 1.1400019311865708 1.1400019311839993 -1.1396825858395496 -1.139682585837383 -0.097514578973617 -0.09751508264627569 -0.0975145789737492 -0.09751508264641273 2.187413780978535 -2.187103805719646 2.1874137809586487 -2.187103805699643 0.042202901318886155 0.9577913917054258 0.04220290131916072 0.9577913917051513 0.042253061352179766 0.9577417743669445 0.04225306135213591 0.9577417743669978
2.2 0.9234324100390205 0.9234324100377111 -0.01017830279705748 0.03469055872733262 0.03469055872709324 0.9976396444209247 0.9822863729339092 0.9822765577536519 0.9822863729107616 0.982276557730595 1.2043703838623656 1.204370383860844 -1.203998460616785 -1.2039984606150531 -0.09331257068023695 -0.09331303748357114 -0.09331257068057405 -0.09331303748390461 2.3197231051628324 -2.3193624394419805 2.3197231051024945 -2.319362439381677 0.03828094149264567 0.9617133515316663 0.03828094149330042 0.9617133515310116 0.038331127596315295 0.9616636447605167 0.03833112759602969 0.9616636447607988
2.3000000000000003 0.930246436362602 0.9302464363624431 -0.010817484074108721 0.031861406802833156 0.031861406802785895 0.9979960088438958 0.9837273394353345 0.9837177117686701 0.983727339431622 0.9837177117647667 1.2686409460910244 1.2686409460916117 -1.2682114187451887 -1.2682114187459863 -0.08943323053639284 -0.08943366872128546 -0.08943323053643602 -0.08943366872132615 2.4516135786513966 -2.4511968813470872 2.451613578642156 -2.4511968813375358 0.0348739283308551 0.9651203646934571 0.034873928330934494 0.9651203646933776 0.03492412643042403 0.965070595556125 0.034924126430365965 0.96507059555619
2.4000000000000004 0.9361992237580447 0.9361992237567247 -0.011445251399787248 0.029354266765280135 0.029354266765017782 0.9982890122703758 0.9850593417208773 0.9850497923316901 0.9850593416920485 0.9850497923027518 1.3328078065262656 1.332807806524912 -1.3323154218025781 -1.3323154218013513 -0.08584497172141071 -0.08584538833092283 -0.08584497172179485 -0.08584538833130538 2.5830838497591504 -2.5826055308383284 2.5830838496775845 -2.582605530756591 0.0318975346331337 0.9680967583911784 0.03189753463379368 0.9680967583905183 0.031947710679209484 0.9680469711121071 0.0319477106789024 0.968046971112418
2.5 0.9414274886072524 0.9414274886083697 -0.01206731174977831 0.027123984152357297 0.02712398415251558 0.9985313044873032 0.9862924455580722 0.9862828711823749 0.9862924455821194 0.9862828712058129 1.3968714766387704 1.39687147664344 -1.3963107485071125 -1.3963107485133823 -0.08251923209083704 -0.08251963308297079 -0.08251923209047873 -0.08251963308263141 2.714147919152895 -2.713602137078991 2.714147919227627 -2.713602137153492 0.029283402208529766 0.9707108908157822 0.029283402207971206 0.9707108908163409 0.02933354015564149 0.9706611094224571 0.029333540155818072 0.970661109422299
2.6 0.9460425239880883 0.9460425239827615 -0.012683665124078902 0.025132686301810935 0.02513268630085291 0.9987327838558623 0.987438302940619 0.9874286026450341 0.9874383028071564 0.9874286025111125 1.4608323345881984 1.4608323345732634 -1.4601975564292966 -1.4601975564155734 -0.07943048368308303 -0.07943087427786895 -0.07943048368481805 -0.07943087427961441 2.8448287661547553 -2.8442094284202515 2.844828765735528 -2.8442094280008883 0.026975884518111802 0.9730184085062001 0.026975884520775244 0.9730184085035367 0.027026035353141797 0.9729685883886239 0.02702603535205178 0.9729685883897277
2.7 0.9501354228906249 0.9501354229120332 -0.013294311522692028 0.023348411458147738 0.02334841146195493 0.9989012425270867 0.9885038855143539 0.9884939600294167 0.9885038860929937 0.9884939606077298 1.5246935777484514 1.5246935778202353 -1.523978822442601 -1.5239788225152773 -0.07655595812894872 -0.07655634286115902 -0.07655595812157115 -0.07655634285379838 2.9751425348017144 -2.9744432977325865 2.975142536697615 -2.974443299627937 0.024929435066843548 0.9750648579574684 0.024929435056139426 0.9750648579681727 0.024979586995880043 0.9750150160662248 0.02497958700016345 0.9750150160619464
2.8000000000000003 0.9537814356256002 0.9537814354757596 -0.01389925094561701 0.02174411835938587 0.021744118331231844 0.9990428430609201 0.9894969137475861 0.9894866664176033 0.989496909302958 0.9894866619745764 1.5884654772535955 1.5884654767867241 -1.587664595143343 -1.5876645946759305 -0.07387533596545239 -0.07387571888630715 -0.07387533601951479 -0.07387571894035555 3.105117424136707 -3.1043316935207748 3.105117409117545 -3.1043316785097357 0.0231064286993559 0.9768878643249561 0.02310642877427622 0.9768878642500358 0.02315655671648509 0.976838029826119 0.023156556684976237 0.9768380298576174
2.9000000000000004 0.9570428893639185 0.9570428913465027 -0.014498483392852316 0.02029696043427823 0.020296960821529847 0.9991624710945324 0.9904268934629781 0.9904162094014599 0.9904269575216481 0.9904162734397204 1.652152930243554 1.6521529361132254 -1.6512596167779163 -1.6512596226518346 -0.07137056661407098 -0.07137095192036039 -0.07137056586573048 -0.07137095117228977 3.23478422088757 -3.2339051428773606 3.234784444317098 -3.233905366186803 0.02147570183019679 0.9785185911941152 0.021475700838904703 0.9785185921854074 0.021525830132743784 0.9784687437013599 0.02152583056366797 0.9784687432704922
3.0 0.9599719301273848 0.9599717194106195 -0.0059824274027055185 0.018987447191310857 0.018987403984260843 0.9992640720389719 0.9913040476073808 0.9912919258678434 0.99129662624986 0.9912845069189948 1.7157694120244367 1.7157688863444314 -1.714780455608558 -1.714779929650928 -0.06902552174668704 -0.06902594410886033 -0.06902560475724322 -0.06902602708984844 3.364188703444147 -3.3632091601250673 3.364162067280003 -3.363182539224924 0.020011181448463616 0.9799831115758484 0.02001128680684627 0.9799830062174658 0.020061396210139415 0.9799331861577705 0.02006134836399176 0.9799332340000388
