# U m1 m2 mu_new Z1_up_n Z1_down_n Z2_up_n Z2_down_n lamda1_up_new lamda2_up_new lamda1_down_new lamda2_down_new h1_new_up h1_new_down h2_new_up h2_new_down lamda1_0_up lamda1_0_down lamda2_0_up lamda2_0_down f1_up f1_down f2_up f2_down spin_occ_1up spin_occ_1down spin_occ_2up spin_occ_2down
0.0 0.0006224380386161132 0.0006224380386321005 3.876329950135049e-05 1.000000027058274 1.0000000135890783 1.000000027058274 1.0000000135890783 0.0004804262719262149 0.00048042627194620996 -0.0004904501067951031 -0.0004904501068108796 -0.21220375258612906 -0.2122037537381034 -0.21220375258612906 -0.2122037537381034 0.0005283219363772303 -0.0005283479764200881 0.0005283219363906122 -0.0005283479764338467 0.4996887886504145 0.5003112266890306 0.4996887886504066 0.5003112266890387 0.49971700187575246 0.5002889027238454 0.4997170018757407 0.5002889027238546
0.1 0.0007712860475786454 0.0007712860397536825 4.279606419392708e-05 0.9983119937367148 0.9983119766319924 0.998311993736705 0.9983119766319822 0.0005387544670355193 0.000538754465871556 -0.0005510389772932013 -0.0005510389761314914 -0.21203501850683618 -0.21203502033998395 -0.21203501850683631 -0.2120350203399841 0.0006535875927726067 -0.0006536256926226397 0.0006535875861365451 -0.0006536256859965506 0.49961436821607813 0.5003856542636568 0.49961436821999355 0.5003856542597472 0.4996611924065902 0.5003450953722881 0.4996611924073113 0.5003450953715683
0.2 0.0034838312690780304 0.0034838313395433307 9.10815968210034e-05 0.9937981268337472 0.9937980156973241 0.9937981268337203 0.9937980156972951 0.0025911007829580546 0.002591100841032995 -0.0026088724447089324 -0.0026088725023869805 -0.21154441466338214 -0.21154442607548235 -0.21154441466337082 -0.21154442607547141 0.002938864071392978 -0.0029387763880574687 0.002938864131025764 -0.002938776447310575 0.4982580583817027 0.5017418896507807 0.4982580583463575 0.5017418896859008 0.49826958646423636 0.5017384167087945 0.49826958642651464 0.5017384167462715
0.30000000000000004 0.03000777927495435 0.030007779274959845 0.001691785556961925 0.9871454905042757 0.9871443706564901 0.9871454905042757 0.9871443706564894 0.02120682271362411 0.021206822713625468 -0.021216154820870955 -0.021216154820880847 -0.21080809305618473 -0.21080821216313939 -0.2108080930561847 -0.2108082121631394 0.025167825075545155 -0.02515823659562886 0.02516782507554991 -0.025158236595633335 0.48499325687472605 0.5150010361496804 0.4849932568747232 0.5150010361496831 0.48499805372997873 0.5150056775254694 0.48499805372997756 0.515005677525476
0.4 0.08230454535126558 0.0823045453512698 0.001527471435199698 0.9790437165137749 0.9790401819325739 0.979043716513776 0.9790401819325735 0.05518855842822561 0.055188558428225745 -0.05520310762105608 -0.055203107621061634 -0.20971611559814005 -0.2097164936512179 -0.20971611559814005 -0.20971649365121783 0.0687858510668815 -0.06877618227405845 0.06878585106688513 -0.06877618227406199 0.4588448738365232 0.5411494191877888 0.4588448738365211 0.5411494191877909 0.45884524476163535 0.5411599268551166 0.45884524476163513 0.5411599268551203
0.5 0.14907512364576286 0.1490751236457597 0.00023198795403810596 0.9702944744205015 0.9702872802826108 0.9702944744204981 0.9702872802826104 0.09576257831888581 0.09576257831889175 -0.09578299103533948 -0.09578299103533858 -0.2080644512107072 -0.20806522207033326 -0.20806445121070727 -0.2080652220703333 0.12499497900947401 -0.12498497383404183 0.12499497900947103 -0.1249849738340391 0.42545958468927464 0.5745347083350375 0.42545958468927625 0.574534708335036 0.4254577334407547 0.574548686963968 0.4254577334407507 0.5745486869639678
0.6000000000000001 0.22168954268640134 0.22168954268640456 -0.0010007187945628839 0.9616353100650429 0.9616236437657734 0.9616353100650433 0.9616236437657668 0.13801263879143796 0.1380126387914378 -0.1380388218269002 -0.13803882182691546 -0.20568474393095307 -0.20568599134353974 -0.2056847439309527 -0.20568599134353985 0.18810965592916368 -0.1880989697774064 0.1881096559291663 -0.18809896977740898 0.38915237516895534 0.6108419178553567 0.3891523751689538 0.6108419178553584 0.38915094429076563 0.610856299136123 0.38915094429076486 0.6108562991361328
0.7000000000000001 0.29561885597128035 0.29561885597129256 -0.002193476713340158 0.953632812214662 0.9536163687848837 0.9536328122146566 0.953616368784877 0.1804920320808867 0.1804920320809047 -0.18052306699316956 -0.18052306699318782 -0.2024705823977763 -0.20247232845776922 -0.2024705823977764 -0.20247232845776877 0.2561944113216816 -0.2561826259464637 0.2561944113216936 -0.2561826259464748 0.35218771852651587 0.6478065744977962 0.35218771852650976 0.6478065744978023 0.3521899329055935 0.6478175735880618 0.35218993290558254 0.6478175735880736
0.8 0.36848198710706254 0.3684819871070423 -0.0032892160454233528 0.94669654014484 0.9466754767285966 0.9466965401448418 0.9466754767285993 0.22327489606625822 0.22327489606623643 -0.22330920369820484 -0.22330920369818236 -0.1983622302588522 -0.19836443915910695 -0.1983622302588528 -0.19836443915910737 0.3291733281111197 -0.32915993167741464 0.3291733281110972 -0.32915993167739205 0.31575615295862475 0.6842381400656873 0.3157561529586349 0.6842381400656772 0.3157640162714653 0.6842431925557757 0.3157640162714773 0.6842431925557634
0.9 0.43873799853646556 0.43873799853643575 -0.004322178644939715 0.9411196211944314 0.9410947473412147 0.9411196211944494 0.9410947473412367 0.26692379237107877 0.2669237923710301 -0.26695856897200765 -0.26695856897195586 -0.19334575271978582 -0.19334831046805115 -0.1933457527197873 -0.19334831046805334 0.40764608317744305 -0.4076304279334638 0.40764608317740914 -0.4076304279334324 0.28062814724392326 0.7193661457803888 0.2806281472439382 0.719366145780374 0.28064529017971396 0.7193610134688759 0.28064529017973877 0.7193610134688487
1.0 0.5050042525551984 0.5050042525553441 -0.005395090074276382 0.9370710033076785 0.9370434365058588 0.9370710033077567 0.9370434365059368 0.31191337688480636 0.3119133768849334 -0.3119455556292184 -0.3119455556293499 -0.18747104978416312 -0.18747381014205464 -0.1874710497841572 -0.18747381014204953 0.49209001736478253 -0.49207128801371586 0.4920900173650266 -0.4920712880139621 0.24749502023455683 0.7524992727897553 0.24749502023448403 0.7524992727898281 0.24752655230540777 0.752478442085907 0.2475265523053617 0.7524784420859534
1.1 0.5662401370195421 0.5662401370197006 -0.006502243357737976 0.9345867793223954 0.9345578274611419 0.9345867793226535 0.9345578274613574 0.3586956271748725 0.3586956271749227 -0.3587218908263732 -0.35872189082645956 -0.18084859153937954 -0.18085139538387549 -0.180848591539374 -0.18085139538386832 0.5828896973990904 -0.5828668662882412 0.58288969739947 -0.5828668662886022 0.216877078002385 0.7831172150219271 0.21687707800230574 0.7831172150220063 0.21691995517757723 0.7830835098378579 0.2169199551775779 0.7830835098378707
1.2000000000000002 0.6217945589133789 0.6217945589131719 -0.007615103616886711 0.9336242894785832 0.93359521457513 0.9336242894783183 0.933595214574892 0.4076837471711302 0.40768374717093414 -0.40770080288817717 -0.4077008028879477 -0.17363885325411327 -0.17364155915353657 -0.17363885325412598 -0.17364155915354768 0.6803388650319077 -0.6803106412760445 0.6803388650313491 -0.6803106412754893 0.1890998670554666 0.8108944259688454 0.18909986705557005 0.810894425968742 0.18915145173326342 0.8108504482016086 0.1891514517333021 0.8108504482015624
1.3 0.6712497653781044 0.671249765378017 -0.00864806621640651 0.9339634162135712 0.933935261913584 0.9339634162134237 0.9339352619134703 0.45905614773362363 0.45905614773352127 -0.4590609005728323 -0.45906090057270593 -0.16604585818640763 -0.16604836456328645 -0.16604585818641254 -0.16604836456329294 0.7842227336587052 -0.7841875448065367 0.7842227336583963 -0.7841875448062499 0.1643722638231038 0.8356220292012082 0.16437226382314757 0.8356220292011645 0.16441451320519263 0.8355859301302182 0.1644145132052065 0.835585930130197
1.4000000000000001 0.7146349821510761 0.7146349821513188 -0.009692442767301749 0.9355317937625108 0.9355052887568385 0.9355317937632787 0.9355052887575682 0.5128921297206304 0.5128921297207654 -0.5128816528000242 -0.512881652800196 -0.15827442595791105 -0.1582766706589816 -0.15827442595789332 -0.15827667065896403 0.8943810151933871 -0.8943369265406999 0.8943810151945918 -0.894336926541887 0.142679655436618 0.8573146375876941 0.14267965543649663 0.8573146375878155 0.1427283206144821 0.8572708570244183 0.14272832061449797 0.8572708570244094
1.5 0.7520795694981844 0.7520795694982998 -0.01069687048838161 0.9379282223151371 0.9379037778283776 0.9379282223152755 0.9379037778285828 0.5688936446771634 0.5688936446775174 -0.5688652246211205 -0.5688652246213506 -0.1505387995711927 -0.1505407642725714 -0.15053879957118496 -0.15054076427255522 1.009724184341379 -1.0096689731176252 1.0097241843419595 -1.0096689731181858 0.12395736176306382 0.8760369312612483 0.12395736176300615 0.876036931261306 0.12400351868812837 0.8759946173083866 0.12400351868808823 0.875994617308416
1.6 0.7840750566445186 0.7840750566454785 -0.011667056355335203 0.9409649972590773 0.9409427189412489 0.9409649972627954 0.9409427189450286 0.6267496299677886 0.6267496299691673 -0.6267006801357141 -0.6267006801370215 -0.14300508148983374 -0.14300677621238359 -0.14300508148973062 -0.14300677621227936 1.1294139224678075 -1.1293450216149976 1.1294139224750204 -1.1293450216222383 0.10795961818989672 0.8920346748344153 0.10795961818941677 0.8920346748348953 0.10800950830040851 0.8919878056201622 0.10800950830039935 0.8919878056201633
1.7000000000000002 0.8112156821305838 0.8112156821310673 -0.012614414319538345 0.9443288651500124 0.9443087216333571 0.9443288651525387 0.9443087216360497 0.6861061551522818 0.6861061551528953 -0.6860339730858257 -0.686033973086238 -0.13579848968339386 -0.13579993989758887 -0.13579848968333752 -0.13579993989752934 1.2523670122663282 -1.2522815847613302 1.2523670122711024 -1.252281584766187 0.0943893054468641 0.9056049875774479 0.09438930544662241 0.9056049875776897 0.09443904191124852 0.9055576337378842 0.09443904191128416 0.9055576337378302
1.8 0.8341497334782605 0.8341497334768785 -0.013516116478234858 0.9478422232475839 0.9478240292705259 0.9478422232393937 0.947824029262316 0.7465296772666355 0.746529677264386 -0.746431539295246 -0.7464315392930208 -0.1289983416700108 -0.12899958128918368 -0.1289983416702026 -0.12899958128937536 1.3775956063139347 -1.3774905421029116 1.377595606297306 -1.37749054208627 0.08292227977302576 0.9170720132512863 0.08292227977371683 0.9170720132505953 0.08297233434650014 0.9170238561005379 0.08297233434641771 0.9170238561006223
1.9000000000000001 0.8535241280531659 0.8535241280513971 -0.014383576782805444 0.9513548536821977 0.9513383913596661 0.9513548536691375 0.9513383913466298 0.8077090101584866 0.8077090101559236 -0.8075819775714322 -0.8075819775687534 -0.12264165729603521 -0.12264271964983499 -0.12264165729631091 -0.1226427196501033 1.504316468047846 -1.504188413417534 1.5043164680210526 -1.5041884133906738 0.07323508248557307 0.926759210538739 0.07323508248645753 0.9267592105378546 0.07328530729374744 0.9267105146460706 0.07328530729355298 0.9267105146462629
2.0 0.8699208294796128 0.8699208294786881 -0.015222502208935892 0.9547612405327761 0.9547462787658403 0.9547612405250707 0.9547462787580344 0.8693667632755592 0.8693667632738082 -0.869207700718172 -0.869207700716514 -0.11673723391909119 -0.11673814995019247 -0.11673723391925042 -0.11673814995034969 1.6318720026667548 -1.6317173878748383 1.6318720026498663 -1.6317173878578406 0.06503673177234957 0.9349575612519624 0.06503673177281195 0.9349575612515001 0.06508661654984377 0.9349089251476428 0.06508661654974818 0.9349089251477458
2.1 0.8838461770228501 0.8838461770183242 -0.016038599732315112 0.9580149092534715 0.9580012118675267 0.9580149092079172 0.9580012118221382 0.9312709344987713 0.9312709344913743 -0.9310765139441587 -0.931076513936494 -0.11127370686575559 -0.11127450340371782 -0.11127370686660379 -0.11127450340456095 1.759783453548689 -1.7595984898414798 1.759783453446906 -1.7595984897397903 0.058074058000730934 0.941920235023581 0.05807405800299393 0.9419202350213182 0.05812430944353131 0.9418710186822682 0.058124309442871835 0.9418710186829172
2.2 0.895725739589824 0.8957257395827294 -0.016820455401564488 0.9610656637004429 0.9610530163118989 0.961065663618397 0.9610530162296981 0.9932598084757345 0.9932598084635549 -0.9930264929643127 -0.9930264929523429 -0.10622833542216575 -0.10622903548733767 -0.10622833542360692 -0.1062290354887789 1.8876633111007934 -1.88744402943467 1.8876633109095045 -1.8874440292432588 0.052134276717244014 0.9478600163070681 0.05213427672079125 0.9478600163035207 0.05218434978301423 0.9478108142547363 0.05218434978187603 0.947810814255884
2.3000000000000003 0.9059153004420248 0.9059153004276537 -0.017579483168064784 0.9639145267740187 0.9639027344099385 0.9639145265841655 0.9639027342201386 1.0552285515024222 1.055228551477876 -1.054952581139783 -1.054952581115146 -0.10157101681228901 -0.10157163902834446 -0.10157101681544838 -0.10157163903150038 2.015309747121894 -2.0150519704172503 2.015309746661486 -2.0150519699569225 0.04703949629114353 0.9529547967331684 0.04703949629832911 0.9529547967259828 0.04708969092037174 0.9529053459312795 0.04708969091784687 0.952905345933803
2.4000000000000004 0.9147035254420762 0.9147035253830198 -0.018321390007499293 0.9665550223968032 0.9665439117444401 0.9665550215164722 0.9665439108643916 1.1171013213319303 1.1171013212293601 -1.1167787327783092 -1.1167787326753074 -0.09727029548922393 -0.09727085534758628 -0.09727029550319168 -0.09727085536154094 2.1425536182103033 -2.142252987531482 2.1425536159864826 -2.1422529853081764 0.04264538379111795 0.9573489092331942 0.042645383820646116 0.9573489092036659 0.042695615948745214 0.9572993214021019 0.04269561593772486 0.957299321413115
2.5 0.9223254636349647 0.9223254633317004 -0.019046175919871247 0.9689938528022589 0.9689832670554119 0.9689938477346222 0.968983261988688 1.1788225099811898 1.1788225094546476 -1.1784491488777973 -1.1784491483512136 -0.09329482960994018 -0.09329533996940988 -0.0932948296866324 -0.09329534004608767 2.269289833358789 -2.268941806927865 2.269289820041518 -2.2689417936145566 0.03883441469467375 0.9611598783296385 0.038834414846305745 0.9611598781780062 0.038884599993811 0.9611102589069903 0.038884599934140396 0.9611102589666565
2.6 0.9289729171965055 0.9289729152543331 -0.019753840905179842 0.9712463588142298 0.9712361539719538 0.9712463227184954 0.9712361178833295 1.2403643818818 1.240364378503063 -1.2399359032241308 -1.2399358998445886 -0.08961447571313912 -0.08961494716639902 -0.08961447623628135 -0.08961494768942214 2.3954772707729832 -2.395077114076653 2.3954771721401795 -2.3950770154758456 0.035510687913903244 0.9644836051104088 0.03551068888498946 0.9644836041393225 0.03556089012995628 0.9644339065059039 0.03556088973213983 0.9644339069036882
2.7 0.9348015218828674 0.9348015085753412 -0.020444384963426515 0.9733237424522043 0.9733137899795438 0.9733234696414084 0.9733135172270116 1.3017119624336246 1.301711938555955 -1.3012238309743709 -1.3012238070901758 -0.0862014431528728 -0.08620188455272076 -0.08620144695535052 -0.08620188835431486 2.5210883823381898 -2.520631180265605 2.52108760706384 -2.520630405267009 0.03259638557072232 0.9673979074535897 0.032596392224485425 0.9673979007998266 0.032646554529452976 0.9673481922792617 0.032646551732545104 0.9673481950759244
2.8000000000000003 0.9399385875768833 0.9399384891644761 -0.021123515070294776 0.9752442079882356 0.9752343857257219 0.9752419836382075 0.9752321618755616 1.36285885120765 1.3628586843908355 -1.3623063515710603 -1.3623061847047448 -0.08303023382536866 -0.08303065251292013 -0.08303026354302892 -0.08303068222325247 2.6461319023692087 -2.645612541816983 2.6461253528065933 -2.6456059947704573 0.030027852723714374 0.9699664403005976 0.03002790192991801 0.9699663910943941 0.030078065512774088 0.969916641292166 0.030078044035995788 0.9699166627673605
2.9 0.9444882634572753 0.9444879888713442 -0.01209264175965997 0.9770213640843838 0.9770110971362613 0.977014594830531 0.9770043295071479 1.4238074908442797 1.42380700420679 -1.423187280630277 -1.4231867938349958 -0.08007792058308927 -0.08007834186129252 -0.08007800799897975 -0.08007842925409225 2.770621465767949 -2.770034650505868 2.7706007719006776 -2.77001396521912 0.027753014783518336 0.9722412782407936 0.027753152076483954 0.9722411409478282 0.02780330399209291 0.9721913838133643 0.02780324327539374 0.9721914445257231
3.0 0.9485363826706946 0.9485359448911185 -0.021760728019981187 0.9786666178344313 0.9786558683744252 0.9786547810210567 0.9786440345199082 1.484570865985463 1.4845702267991223 -1.4838777248486654 -1.4838770854849204 -0.07732388752134892 -0.07732431263047301 -0.07732403389443408 -0.07732445896406685 2.8945808540118794 -2.893921090780262 2.8945435175774943 -2.893883770977832 0.02572895517680868 0.9742653378475034 0.025729174066596798 0.9742651189577153 0.025779277250090937 0.9742153939087388 0.02577917622683268 0.9742154949270274
