# U m1 m2 mu_new Z1_up_n Z1_down_n Z2_up_n Z2_down_n lamda1_up_new lamda2_up_new lamda1_down_new lamda2_down_new h1_new_up h1_new_down h2_new_up h2_new_down lamda1_0_up lamda1_0_down lamda2_0_up lamda2_0_down f1_up f1_down f2_up f2_down spin_occ_1up spin_occ_1down spin_occ_2up spin_occ_2down 
0.0 0.0006224380386161132 0.0006224380386321005 3.876329950135049e-05 1.000000027058274 1.0000000135890783 1.000000027058274 1.0000000135890783 0.0004804262719262149 0.00048042627194620996 -0.0004904501067951031 -0.0004904501068108796 -0.21220375258612906 -0.2122037537381034 -0.21220375258612906 -0.2122037537381034 0.0005283219363772303 -0.0005283479764200881 0.0005283219363906122 -0.0005283479764338467 0.4996887886504145 0.5003112266890306 0.4996887886504066 0.5003112266890387 0.49971700187575246 0.5002889027238454 0.4997170018757407 0.5002889027238546
0.1 0.000789786505169976 0.0007897864602580129 4.0514775095271026e-05 0.99767928680192 0.9976792664171824 0.9976792868019049 0.9976792664171675 0.0006063696317319438 0.0006063696024217282 -0.0006198573664496064 -0.0006198573371881989 -0.2119678750833966 -0.2119678769012265 -0.21196787508339734 -0.2119678769012273 0.0006688366352576308 -0.0006688841836734717 0.0006688365971929543 -0.0006688841456672777 0.499605120783945 0.500394907289115 0.4996051208064182 0.5003949072666762 0.49962154094100475 0.5003851826637034 0.499621540959258 0.5003851826454806
0.2 0.00117737181830041 0.001177368690579439 4.907481433024354e-05 0.9916687821882079 0.9916687491694487 0.9916687821840107 0.991668749165305 0.0008202756032965671 0.0008202744849312522 -0.0008382315775466185 -0.0008382304616553573 -0.21132777356114943 -0.21132777709663506 -0.21132777356126092 -0.2113277770967416 0.0009910810888961819 -0.0009911036103814 0.00099107845304688 -0.0009911009804841914 0.49941132077942757 0.500588692597728 0.49941132234505575 0.5005886910356352 0.4994608891146747 0.500546821062365 0.4994608898469379 0.5005468203317217
0.30000000000000004 0.008402809695514935 0.008402807737595108 0.0004701020569714501 0.9830779684599525 0.9830776461866713 0.9830779684604091 0.9830776461872021 0.006113392896101597 0.006113391430782258 -0.00613652462604178 -0.0061365231744952104 -0.21039884683730153 -0.21039888122179454 -0.21039884683822732 -0.21039888122270958 0.007013133330019362 -0.007011209273409023 0.007013131688155483 -0.007011207647095693 0.4957980188268311 0.504200828522346 0.49579801981044896 0.5042008275480441 0.49580684145724896 0.5042018432095845 0.4958068424613064 0.5042018422149647
0.4 0.025856882024818173 0.025856881908623452 0.001930572860223635 0.9727205564642326 0.9727193251783968 0.9727205564641673 0.9727193251783376 0.018092088444896733 0.018092088363700156 -0.01811202749392162 -0.01811202741272167 -0.20926963863853285 -0.20926977049920248 -0.2092696386387165 -0.20926977049938542 0.02136598044092243 -0.021356539810873303 0.021365980344819385 -0.021356539714770605 0.4870687059546076 0.5129255879794258 0.487068706012705 0.5129255879213285 0.4870737626573646 0.5129328624221894 0.48707376271527947 0.5129328623642725
0.5 0.04993284814678234 0.0499328481421733 0.00451708513144355 0.9612202383636633 0.9612174813244616 0.9612202383636529 0.961217481324451 0.03366791513736847 0.03366791513428168 -0.0336976101001326 -0.0336976100970461 -0.20796590163742165 -0.20796619915145026 -0.20796590163743708 -0.2079661991514657 0.04083043136676694 -0.040821052375765395 0.04083043136298244 -0.040821052371981005 0.47503072243876643 0.5249635705855488 0.475030722441071 0.5249635705832443 0.4750328573752371 0.5249759592223192 0.47503285737751333 0.5249759592200431
0.6000000000000001 0.0769228905918547 0.0769228905917318 0.00940196670538112 0.9490437154414787 0.9490388647039372 0.9490437154414789 0.9490388647039357 0.05016166362587676 0.05016166362579347 -0.050203320983056084 -0.050203320982980665 -0.20651260856947531 -0.20651313538801577 -0.20651260856947598 -0.20651313538801647 0.06227522100376203 -0.062265870910280026 0.06227522100366147 -0.0622658709101796 0.4615357012162297 0.5384585918080844 0.4615357012162912 0.538458591808023 0.4615357462955034 0.5384753958469564 0.46153574629556665 0.5384753958468993
0.7000000000000001 0.1048765780554915 0.10487657805548078 0.008269501520854957 0.9365357132841267 0.9365282643281639 0.936535713284126 0.9365282643281642 0.06627998900889834 0.06627998900889175 -0.06633588326955286 -0.06633588326954562 -0.20493126957004906 -0.20493208430389365 -0.20493126957004915 -0.20493208430389373 0.08412718692209112 -0.0841178279389883 0.08412718692208228 -0.0841178279389796 0.4475588574844102 0.5524354355399017 0.4475588574844156 0.5524354355398964 0.4476169033034262 0.5523966608663275 0.44761690330343124 0.5523966608663218
0.8 0.13316029962253317 0.13316029962253428 0.0073335575080341695 0.923845883871107 0.9238353430219356 0.923845883871105 0.9238353430219333 0.08197021385647646 0.08197021385648309 -0.082042534647775 -0.08204253464778154 -0.20323681354065307 -0.20323797168263055 -0.20323681354065304 -0.2032379716826307 0.10593172209785442 -0.10592231398269579 0.10593172209785522 -0.10592231398269664 0.4334169967008894 0.5665772963234226 0.43341699670088885 0.5665772963234231 0.43341335704735084 0.5666026639154245 0.43341335704734585 0.5666026639154297
0.9 0.16153259575196527 0.1615325957519525 0.006380492568145418 0.9111782691834209 0.9111641655847326 0.9111782691834135 0.9111641655847338 0.09696429205240041 0.09696429205240689 -0.09705522601302359 -0.09705522601301293 -0.20143743231541086 -0.20143898977539879 -0.2014374323154111 -0.20143898977539887 0.1275735358244096 -0.12756403779596617 0.12757353582439854 -0.1275640377959558 0.4192308486361734 0.5807634443881386 0.4192308486361798 0.5807634443881323 0.419223999053396 0.5807944858060743 0.41922399905339097 0.5807944858060656
1.0 0.1900698318404429 0.19006983184045328 0.0053817718227561475 0.8986063424320258 0.89858820815365 0.8986063424320222 0.8985882081536475 0.111467825677453 0.11146782567746619 -0.1115792834150996 -0.1115792834151122 -0.1995334207276434 -0.19953543250036804 -0.19953342072764327 -0.19953543250036823 0.14919956625193373 -0.14918993410922024 0.14919956625194225 -0.1491899341092288 0.4049622305919346 0.5950320624323775 0.4049622305919293 0.5950320624323826 0.4049558978823228 0.5950649810707349 0.4049558978823127 0.5950649810707445
1.1 0.2191300942366325 0.2191300942366416 0.004314567369113689 0.886204276386242 0.8861815735141368 0.8862042763862368 0.8861815735141423 0.12577365330730145 0.12577365330731588 -0.1259075838858739 -0.1259075838858722 -0.1975158757863744 -0.1975184041733003 -0.19751587578637406 -0.1975184041733003 0.17120429499785828 -0.17119447662401704 0.17120429499786535 -0.1711944766240254 0.39043209939383977 0.6095621936304723 0.3904320993938352 0.6095621936304768 0.3904243373637058 0.6095988576584945 0.3904243373636943 0.609598857658493
1.2000000000000002 0.24917182304933627 0.2491718230493264 0.0031674652558359713 0.8741115988322405 0.8740837830528452 0.8741115988322384 0.8740837830528442 0.14012744256256598 0.140127442562561 -0.14028519796745392 -0.14028519796744915 -0.19536609938499838 -0.19536920787245807 -0.1953660993849986 -0.19536920787245823 0.19410650298896726 -0.1940964344937029 0.19410650298895846 -0.19409643449369432 0.37541123498748785 0.6245830580368241 0.37541123498749285 0.6245830580368192 0.3754735338167947 0.6245517822804243 0.3754735338167984 0.6245517822804204
1.3 0.2807377268651673 0.28073772686515147 0.001957586409995539 0.8622487937133579 0.8622152182358531 0.8622487937133433 0.8622152182358592 0.15516674990054674 0.15516674990055332 -0.15534920022050216 -0.15534920022048293 -0.19305473846370394 -0.19305849541476325 -0.1930547384637041 -0.19305849541476375 0.21853468900852788 -0.21852428182937664 0.2185346890085117 -0.2185242818293636 0.3596282830795724 0.6403660099447397 0.35962828307958034 0.6403660099447318 0.35961794827399074 0.6404092103994742 0.35961794827398497 0.6404092103994594
1.4000000000000001 0.31442265488650717 0.3144226548865108 0.000667809904521975 0.8509330125608389 0.8508930579160828 0.8509330125608445 0.8508930579160797 0.17107971904097655 0.17107971904097283 -0.17128671722927927 -0.1712867172292858 -0.19053773301758464 -0.19054220459233595 -0.19053773301758456 -0.19054220459233595 0.24531302936877472 -0.24530216814132016 0.24531302936877897 -0.2453021681413231 0.34278581906890243 0.6572084739554096 0.3427858190689006 0.6572084739554114 0.3427761002370622 0.657252480100279 0.34277610023706506 0.6572524801002835
1.5 0.3509363364541672 0.3509363364541569 -0.0006961572848948068 0.8403139228823353 0.8402669655188437 0.8403139228823566 0.840266965518834 0.188525530362897 0.18852553036286585 -0.18875563404824616 -0.18875563404824838 -0.1877511133864357 -0.18775635825202083 -0.18775111338643596 -0.18775635825202097 0.2755360902686571 -0.2755246097581329 0.2755360902686507 -0.27552460975812104 0.32452897828507243 0.6754653147392397 0.32452897828507754 0.6754653147392344 0.3245244761309152 0.6755049476188173 0.3245244761309377 0.6755049476188193
1.6 0.39098964534841013 0.39098964534843106 -0.0021171942311941742 0.8306803435950864 0.8306258848520438 0.8306803435951016 0.8306258848520421 0.20822533130406254 0.20822533130406684 -0.20847517066433396 -0.20847517066435417 -0.18460563976554792 -0.1846116906319946 -0.18460563976554775 -0.1846116906319939 0.3106327396784761 -0.3106203976803056 0.3106327396785011 -0.31062039768032695 0.3045023238379509 0.695491969186361 0.3045023238379405 0.6954919691863716 0.30449875247885244 0.6955307363728344 0.3044987524788514 0.6955307363728473
1.7000000000000002 0.43554972054264324 0.4355497205426477 -0.003698026496756251 0.8225267147397075 0.8224645502669794 0.8225267147397239 0.822464550266979 0.23130585053832556 0.23130585053831446 -0.23156931653372462 -0.23156931653372972 -0.1809635309042561 -0.18097037044702077 -0.18096353090425607 -0.1809703704470208 0.3528809521919428 -0.352867376414882 0.35288095219195154 -0.35286737641488714 0.2822222862408344 0.7177720067834776 0.2822222862408322 0.7177720067834799 0.282223778653517 0.7178047552024375 0.2822237786535243 0.7178047552024402
1.8 0.4857946067673907 0.4857946067674018 -0.005746830768725705 0.8166410503453724 0.8165715874137072 0.8166410503453495 0.8165715874137216 0.259597790522265 0.25959779052229887 -0.25986495889043515 -0.25986495889043526 -0.17661472173265091 -0.17662223644523717 -0.1766147217326508 -0.1766222364452367 0.40594577753249084 -0.4059303541635628 0.40594577753249994 -0.4059303541635804 0.2570998431284607 0.7428944498958514 0.25709984312845513 0.742894449895857 0.25710656516150876 0.742919721646102 0.2571065651614902 0.742919721646101
1.9000000000000001 0.5418282931033989 0.5418282931028919 -0.008115225679226113 0.8140329592257961 0.8139570598229858 0.8140329592255776 0.8139570598227555 0.29512527761941176 0.2951252776189106 -0.29538523143856726 -0.2953852314380763 -0.17130544857778338 -0.17131344227337578 -0.17130544857780355 -0.17131344227339587 0.47419605212714433 -0.47417777984086884 0.4741960521263242 -0.47417777984004494 0.2290829999604566 0.7709112930638554 0.22908299996071005 0.770911293063602 0.22909786237812813 0.7709250282622577 0.2290978623783237 0.7709250282620674
2.0 0.602906285260182 0.6029062852603256 -0.010409429905781685 0.8160308986518927 0.8159519348666391 0.816030898652634 0.8159519348673963 0.34082875343567126 0.3408287534353236 -0.3410628853303983 -0.3410628853300303 -0.16474071663220624 -0.16474869771058978 -0.1647407166322066 -0.16474869771058834 0.5638605490604485 -0.5638377162483055 0.5638605490609937 -0.5638377162488502 0.19854400388206506 0.801450289142247 0.19854400388199323 0.8014502891423189 0.1985697786185835 0.8014482776053199 0.19856977861876052 0.8014482776051367
2.1 0.6660612989578146 0.6660612990014263 -0.013137364284624874 0.8237998047492495 0.8237257052939932 0.8237998048218572 0.8237257053665797 0.3996968605125611 0.39969686055043785 -0.39987596734021913 -0.3998759673781016 -0.15675222728938995 -0.156759285564662 -0.15675222728683988 -0.15675928556211055 0.6813192695397164 -0.6812890098226078 0.6813192696744136 -0.6812890099572854 0.16696649703324862 0.8330277959910632 0.1669664970114428 0.8330277960128691 0.16701152421631077 0.8330002420347848 0.16701152421118226 0.8330002420399159
2.2 0.724714227744515 0.7247142278330269 -0.01581393588227694 0.8364752117235186 0.8364123953681492 0.8364752119419535 0.8364123955865722 0.470827013649125 0.47082701373517205 -0.47093534380371666 -0.47093534388975034 -0.1477442666388057 -0.1477498250013458 -0.14774426663220638 -0.1477498249947468 0.8250381263250746 -0.8249964441800701 0.8250381267196476 -0.824996444574619 0.13764003263989855 0.8623542603844135 0.13764003259564261 0.8623542604286695 0.13768145011619903 0.8623244609175045 0.13768145011177657 0.8623244609219235
2.3000000000000003 0.7739890675782306 0.7739890686328363 -0.018313591233602752 0.8519309614294087 0.8518809804711144 0.8519309654109507 0.8518809844521186 0.5503976824722367 0.5503976833754637 -0.5504357450187524 -0.5504357459220369 -0.13850504497855895 -0.1385091128666481 -0.1385050448790035 -0.13850911276709962 0.9871769038419046 -0.987118879412001 0.9871769108038178 -0.9871188863731831 0.1130026127230407 0.8869916803012713 0.11300261219573787 0.8869916808285742 0.11305153184163597 0.886950169379598 0.11305153189508516 0.8869501693261658
2.4000000000000004 0.8123827491018619 0.8123827036346933 -0.020476535019342445 0.867353952000507 0.8673147787253287 0.8673537233876737 0.8673145501408125 0.632622990591072 0.6326229470136436 -0.6325988030519281 -0.6325987594736724 -0.12981799765004454 -0.12982093301490344 -0.12981800291191203 -0.12982093827629587 1.155436185082461 -1.1553569710836096 1.1554357639461161 -1.1553565499991394 0.09380577196122511 0.906188521063087 0.09380579469480932 0.9061884983295027 0.09385485206740601 0.9061442593884328 0.0938548480658376 0.9061442633894443
2.5 0.8416305225736271 0.8416292341116994 -0.022354130020679274 0.8813684185412951 0.8813374180730492 0.8813600628688766 0.8813290634851453 0.7139615526336313 0.7139602669350127 -0.7138815173977351 -0.7138802316270721 -0.12201173058844471 -0.12201387910354165 -0.12201190726410331 -0.12201405575936541 1.3222240269615808 -1.3221190286100954 1.3222078172530636 -1.322102821286682 0.07918188522534238 0.9208124077989696 0.07918252945630624 0.9208117635680056 0.0792315070407772 0.9207660637323789 0.07923134858375902 0.9207662221683904
2.6 0.8640633583356851 0.8640632409303105 -0.01327308343658013 0.8935871224011737 0.8935611938369046 0.8935861764873287 0.8935602480519739 0.7929312502871562 0.7929311307750554 -0.7928014947807108 -0.7928013752584925 -0.11511041303125506 -0.11511208557378452 -0.11511043159025355 -0.11511210413040422 1.4842641292343388 -1.4841290224541874 1.484262192781253 -1.4841270863330247 0.06796546734431343 0.9320288256799986 0.06796552604700076 0.9320287669773113 0.06801567852737184 0.9319810257902486 0.06801566095316408 0.9319810433624129
2.7 0.8805669878645596 0.8805669869561764 -0.003347404450830663 0.9015396632674283 0.9015281076389248 0.9015396545482884 0.9015280989210004 0.8625701408769147 0.8625701399589417 -0.8623614480202055 -0.8623614471020232 -0.10927843062964153 -0.10927912917429917 -0.10927843079027005 -0.10927912933490137 1.6272650480149027 -1.6270982993403558 1.6272650292679995 -1.6270982805971264 0.059713652579876285 0.9402806404444358 0.0597136530340678 0.9402806399902442 0.05966473110174664 0.9403307465739705 0.05966473094778357 0.9403307467279141
2.8 0.8946384912368052 0.8946384849341509 -0.003141953326068608 0.9103611922542483 0.910352768748985 0.9103611214445839 0.9103526979494989 0.9354446982560447 0.9354446913977105 -0.9351843972275875 -0.9351843903682111 -0.1038699165439231 -0.10387039555238457 -0.1038699177812291 -0.10387039678949075 1.7767276017371325 -1.7765231476519543 1.7767274409081655 -1.7765229868586572 0.05267790089375347 0.9473163921305586 0.05267790404508058 0.9473163889792314 0.05262878104300228 0.9473663874964275 0.052628779905546874 0.9473663886337735
2.9 0.9060885684919713 0.9060885626493106 -0.01201184180971467 0.9179532175131273 0.9179466164887944 0.9179531418236935 0.9179465408112475 1.0060251394377655 1.006025132769278 -1.0057130757634363 -1.005713069093553 -0.09903801789536348 -0.09903837304929554 -0.09903801915264465 -0.09903837430635715 1.9213616719465514 -1.9211154502096301 1.9213614910817884 -1.921115269389981 0.0469528622661703 0.9530414307581416 0.04695286518750076 0.9530414278368113 0.04690350567465662 0.953091484948101 0.04690350456305109 0.9530914860595961
3.0 0.9163869335913382 0.9163869336025505 -0.010836204817992745 0.9277703013390511 0.9277547418735396 0.9277703015103027 0.9277547420446616 1.0840796514949296 1.0840796515037454 -1.0837412554163917 -1.0837412554253367 -0.09443267556028236 -0.09443346911110223 -0.09443267555764398 -0.09443346910846423 2.080918556992536 -2.0806210261623996 2.0809185574187996 -2.0806210265884326 0.04180367971648692 0.9581906133078251 0.04180367971088077 0.9581906133134312 0.041854072328165015 0.9581412324098457 0.04185407233057875 0.958141232407437

