# U  mu  Z_1 Z_2 lamda_1 lamda_2 h_1 h_2 n_f_1 n_f_2 n_s_1 n_s_2 
0.0 3.4526449230965196e-06 0.9999999600000016 0.9999999600000016 0.0 0.0 -0.21219736125788 -0.21219736125788 0.49999999995470534 0.49999999995470534 0.5000000000000004 0.5000000000000003
0.01 3.4526246174697196e-06 0.9999816525451319 0.9999816525451319 0.0 0.0 -0.21219736125788 -0.21219736125788 0.49999999995470534 0.49999999995470534 0.49999999999999967 0.4999999999999996
0.02 3.4525644193154626e-06 0.9999274054809287 0.9999274054809287 0.0 0.0 -0.21219736125788 -0.21219736125788 0.49999999995470534 0.49999999995470534 0.49999999999999994 0.4999999999999999
0.03 3.4524653458902426e-06 0.9998382128164708 0.9998382128164706 0.0 0.0 -0.21219623151134756 -0.21219623151134756 0.4999999999592295 0.4999999999592295 0.5 0.49999999999999983
0.04 3.4523283441072376e-06 0.9997150145896458 0.9997150145896458 0.0 0.0 -0.21218299596720314 -0.21218299596720314 0.4999999999823897 0.4999999999823897 0.49999999999999956 0.49999999999999956
0.05 3.4521542837056767e-06 0.9995587448381615 0.9995587448381613 0.0 0.0 -0.21216670978684318 -0.21216670978684318 0.49999999999310285 0.49999999999310285 0.4999999999999996 0.4999999999999997
0.06 3.4519439666362835e-06 0.9993703019486189 0.9993703019486191 0.0 0.0 -0.2121469760292692 -0.2121469760292692 0.49999999999750355 0.49999999999750355 0.49999999999999967 0.4999999999999997
0.07 3.45169812655448e-06 0.9991505487547229 0.9991505487547229 0.0 0.0 -0.21212265948617987 -0.21212265948617984 0.49999999999919326 0.49999999999919326 0.4999999999999998 0.4999999999999998
0.08 3.451417466356551e-06 0.9989003522284592 0.9989003522284592 0.0 0.0 -0.21209673519229452 -0.21209673519229452 0.49999999999965694 0.49999999999965694 0.4999999999999998 0.4999999999999996
0.09 3.451102603483802e-06 0.9986205160781516 0.9986205160781514 0.0 0.0 -0.21206696958387042 -0.21206696958387045 0.4999999999997815 0.4999999999997815 0.4999999999999996 0.4999999999999997
0.1 3.450754122485301e-06 0.9983118384168291 0.9983118384168291 0.0 0.0 -0.21203386978895614 -0.21203386978895614 0.499999999999809 0.499999999999809 0.4999999999999998 0.4999999999999999
0.11 3.4503725822278767e-06 0.997975111891972 0.997975111891972 0.0 0.0 -0.21199872091144056 -0.21199872091144056 0.4999999999997976 0.4999999999997976 0.49999999999999967 0.49999999999999956
0.12 3.4499584489958533e-06 0.9976110556622381 0.9976110556622383 0.0 0.0 -0.21195973673081064 -0.21195973673081064 0.49999999999978817 0.49999999999978817 0.4999999999999998 0.4999999999999999
0.13 3.4495121906522392e-06 0.997220405915989 0.9972204059159893 0.0 0.0 -0.2119176933551564 -0.2119176933551564 0.49999999999978756 0.49999999999978756 0.4999999999999999 0.4999999999999997
0.14 3.449034265284713e-06 0.9968038997786242 0.9968038997786242 0.0 0.0 -0.21187384968431847 -0.21187384968431847 0.49999999999977285 0.49999999999977285 0.49999999999999983 0.4999999999999999
0.15 3.4485250506360694e-06 0.9963622075759782 0.9963622075759782 0.0 0.0 -0.21182748486316577 -0.21182748486316577 0.49999999999974853 0.49999999999974853 0.49999999999999956 0.49999999999999956
0.16 3.4479848631585825e-06 0.9958959506739229 0.9958959506739229 0.0 0.0 -0.21177740196103667 -0.21177740196103667 0.49999999999974376 0.49999999999974376 0.49999999999999956 0.4999999999999998
0.17 3.4474141119956706e-06 0.9954058393990493 0.9954058393990493 0.0 0.0 -0.21172563123313454 -0.21172563123313454 0.49999999999972905 0.49999999999972905 0.49999999999999967 0.4999999999999998
0.18 3.4468130320519096e-06 0.9948924293728545 0.9948924293728545 0.0 0.0 -0.21167041885740268 -0.21167041885740268 0.4999999999997311 0.4999999999997311 0.4999999999999998 0.4999999999999999
0.19 3.446182001401471e-06 0.9943564048331301 0.9943564048331304 0.0 0.0 -0.21161367069513884 -0.21161367069513884 0.49999999999971945 0.49999999999971945 0.4999999999999998 0.4999999999999997
0.2 3.445521259584038e-06 0.9937983255025533 0.9937983255025533 0.0 0.0 -0.21155468525712331 -0.21155468525712331 0.49999999999969935 0.49999999999969935 0.49999999999999983 0.4999999999999999
0.21 3.4448309807700387e-06 0.9932186937621302 0.9932186937621305 0.0 0.0 -0.21149231468828306 -0.21149231468828306 0.49999999999970485 0.49999999999970485 0.4999999999999999 0.49999999999999994
0.22 3.4441115272184546e-06 0.9926181720619115 0.9926181720619117 0.0 0.0 -0.21142859111997842 -0.21142859111997842 0.49999999999969547 0.49999999999969547 0.4999999999999997 0.49999999999999983
0.23 3.4433630762965422e-06 0.9919972571693207 0.9919972571693207 0.0 0.0 -0.21136279055942078 -0.21136279055942078 0.4999999999996779 0.4999999999996779 0.49999999999999956 0.4999999999999996
0.24 3.4425857371945555e-06 0.9913563847765953 0.9913563847765953 0.0 0.0 -0.21129378689198236 -0.21129378689198236 0.4999999999996883 0.4999999999996883 0.49999999999999967 0.4999999999999995
0.25 3.4417798706407e-06 0.9906961969938133 0.9906961969938133 0.0 0.0 -0.21122359679988392 -0.21122359679988395 0.4999999999996814 0.4999999999996814 0.4999999999999998 0.49999999999999994
0.26 3.440945602836822e-06 0.9900171302738283 0.9900171302738283 0.0 0.0 -0.21115147514947982 -0.21115147514947982 0.4999999999996665 0.4999999999996665 0.49999999999999967 0.49999999999999967
0.27 3.4400831047643007e-06 0.9893196514890849 0.9893196514890849 0.0 0.0 -0.21107737223549972 -0.21107737223549972 0.4999999999996498 0.4999999999996498 0.4999999999999999 0.4999999999999999
0.28 3.4391924217994724e-06 0.9886041171861564 0.9886041171861564 0.0 0.0 -0.21100025380139303 -0.21100025380139303 0.4999999999996655 0.4999999999996655 0.4999999999999999 0.4999999999999998
0.29 3.438273940494985e-06 0.9878711545721226 0.9878711545721226 0.0 0.0 -0.21092215451060395 -0.21092215451060395 0.49999999999966127 0.49999999999966127 0.4999999999999996 0.49999999999999967
0.3 3.437327732828395e-06 0.9871211231969322 0.9871211231969322 0.0 0.0 -0.21084230065883933 -0.21084230065883933 0.4999999999996489 0.4999999999996489 0.4999999999999998 0.4999999999999999
0.31 3.4363539418901676e-06 0.9863544320302962 0.9863544320302962 0.0 0.0 -0.21076064329682173 -0.21076064329682173 0.49999999999963507 0.49999999999963507 0.49999999999999956 0.4999999999999998
0.32 3.435352716111124e-06 0.9855714843677617 0.9855714843677617 0.0 0.0 -0.21067721341277468 -0.2106772134127747 0.4999999999996213 0.4999999999996213 0.49999999999999967 0.4999999999999997
0.33 3.434324031580224e-06 0.9847725381994638 0.9847725381994635 0.0 0.0 -0.21059098041003 -0.21059098041003 0.4999999999996429 0.4999999999996429 0.5 0.49999999999999994
0.34 3.433268339534732e-06 0.9839582154044236 0.9839582154044239 0.0 0.0 -0.21050398996935146 -0.2105039899693515 0.4999999999996415 0.4999999999996415 0.4999999999999999 0.5
0.35000000000000003 3.4321856576653934e-06 0.9831287846554673 0.9831287846554673 0.0 0.0 -0.21041543732006987 -0.21041543732006987 0.49999999999963174 0.49999999999963174 0.4999999999999999 0.49999999999999983
0.36 3.4310761126981074e-06 0.9822845904105331 0.9822845904105331 0.0 0.0 -0.2103252728446171 -0.2103252728446171 0.4999999999996209 0.4999999999996209 0.4999999999999997 0.4999999999999997
0.37 3.429939841847952e-06 0.9814259749597354 0.9814259749597354 0.0 0.0 -0.21023352263669967 -0.21023352263669967 0.4999999999996102 0.4999999999996102 0.4999999999999997 0.4999999999999998
0.38 3.428776983374287e-06 0.9805532703484753 0.9805532703484755 0.0 0.0 -0.21014021944216668 -0.21014021944216668 0.49999999999959965 0.49999999999959965 0.4999999999999998 0.49999999999999956
0.39 3.427587675483127e-06 0.9796667977713677 0.9796667977713677 0.0 0.0 -0.21004539565336544 -0.21004539565336544 0.4999999999995894 0.4999999999995894 0.4999999999999996 0.4999999999999996
0.4 3.4263718098884457e-06 0.978766683679613 0.978766683679613 0.0 0.0 -0.20994799715669538 -0.2099479971566954 0.4999999999996176 0.4999999999996176 0.4999999999999997 0.49999999999999983
0.41000000000000003 3.4251299795390544e-06 0.9778535681580328 0.9778535681580326 0.0 0.0 -0.20985010633255652 -0.20985010633255652 0.49999999999961925 0.49999999999961925 0.49999999999999967 0.4999999999999997
0.42 3.4238621373589075e-06 0.976927600126242 0.976927600126242 0.0 0.0 -0.20975087574716442 -0.20975087574716442 0.4999999999996127 0.4999999999996127 0.49999999999999967 0.4999999999999998
0.43 3.422568406332111e-06 0.9759890460698889 0.9759890460698889 0.0 0.0 -0.20965025217600539 -0.20965025217600539 0.499999999999605 0.499999999999605 0.49999999999999967 0.49999999999999967
0.44 3.4212489275358704e-06 0.9750381751638825 0.9750381751638825 0.0 0.0 -0.2095482551916607 -0.2095482551916607 0.4999999999995974 0.4999999999995974 0.4999999999999998 0.4999999999999999
0.45 3.419903845427947e-06 0.9740752483931169 0.9740752483931169 0.0 0.0 -0.2094449102443493 -0.2094449102443493 0.49999999999959016 0.49999999999959016 0.49999999999999967 0.4999999999999998
0.46 3.418533306286012e-06 0.9731005177149524 0.9731005177149527 0.0 0.0 -0.2093402424633381 -0.20934024246333813 0.4999999999995833 0.4999999999995833 0.49999999999999967 0.4999999999999997
0.47000000000000003 3.4171374591357806e-06 0.9721142261865716 0.9721142261865718 0.0 0.0 -0.20923427610151038 -0.20923427610151038 0.4999999999995766 0.4999999999995766 0.4999999999999998 0.4999999999999996
0.48 3.415716107503693e-06 0.971116363369888 0.971116363369888 0.0 0.0 -0.2091259450039918 -0.2091259450039918 0.49999999999960953 0.49999999999960953 0.4999999999999998 0.4999999999999997
0.49 3.4142700499706504e-06 0.9701076121713905 0.9701076121713903 0.0 0.0 -0.20901734343250047 -0.20901734343250047 0.4999999999996137 0.4999999999996137 0.49999999999999967 0.4999999999999998
0.5 3.412799170260021e-06 0.9690879964723219 0.9690879964723217 0.0 0.0 -0.2089075944110064 -0.20890759441100637 0.49999999999961003 0.49999999999961003 0.49999999999999956 0.49999999999999983
0.51 3.4113036030418446e-06 0.9680577088532588 0.9680577088532588 0.0 0.0 -0.20879664223697736 -0.20879664223697736 0.49999999999960537 0.49999999999960537 0.49999999999999967 0.4999999999999997
0.52 3.4097835071216694e-06 0.9670169495741817 0.9670169495741817 0.0 0.0 -0.2086845003034563 -0.2086845003034563 0.49999999999960093 0.49999999999960093 0.4999999999999996 0.49999999999999983
0.53 3.4082390469053162e-06 0.9659659126102165 0.9659659126102165 0.0 0.0 -0.20857118715738804 -0.20857118715738804 0.4999999999995967 0.4999999999995967 0.49999999999999967 0.4999999999999996
0.54 3.4066703895301155e-06 0.9649047845968939 0.9649047845968939 0.0 0.0 -0.20845672106903684 -0.20845672106903684 0.4999999999995928 0.4999999999995928 0.4999999999999998 0.49999999999999956
0.55 3.405077705412447e-06 0.9638337449057957 0.9638337449057957 0.0 0.0 -0.20834111958557958 -0.20834111958557958 0.49999999999958916 0.49999999999958916 0.4999999999999997 0.4999999999999996
0.56 3.403461168303394e-06 0.9627529658151109 0.9627529658151109 0.0 0.0 -0.2082243995096819 -0.20822439950968188 0.4999999999995859 0.4999999999995859 0.4999999999999997 0.49999999999999967
0.5700000000000001 3.401820482685233e-06 0.9616622977535827 0.9616622977535829 0.0 0.0 -0.2081054929090231 -0.2081054929090231 0.4999999999996212 0.4999999999996212 0.4999999999999998 0.49999999999999956
0.58 3.400156714579503e-06 0.9605624921570403 0.9605624921570403 0.0 0.0 -0.20798648628808566 -0.20798648628808564 0.49999999999962724 0.49999999999962724 0.49999999999999956 0.49999999999999967
0.59 3.3984696666952523e-06 0.9594534453067907 0.9594534453067907 0.0 0.0 -0.20786648458356852 -0.20786648458356852 0.4999999999996261 0.4999999999996261 0.4999999999999998 0.49999999999999956
0.6 3.3967594953987157e-06 0.958335282244814 0.958335282244814 0.0 0.0 -0.20774543052102315 -0.20774543052102318 0.49999999999962425 0.49999999999962425 0.49999999999999983 0.4999999999999999
0.61 3.3950263887604074e-06 0.9572081406550174 0.9572081406550171 0.0 0.0 -0.20762333181959106 -0.20762333181959108 0.49999999999962264 0.49999999999962264 0.4999999999999996 0.4999999999999998
0.62 3.393270540278732e-06 0.956072153631382 0.956072153631382 0.0 0.0 -0.20750020070288924 -0.20750020070288924 0.4999999999996212 0.4999999999996212 0.49999999999999956 0.4999999999999998
0.63 3.3914921479865846e-06 0.9549274484263521 0.9549274484263517 0.0 0.0 -0.20737604916598704 -0.20737604916598704 0.49999999999962 0.49999999999962 0.49999999999999956 0.4999999999999997
0.64 3.389691413408013e-06 0.9537741464819671 0.9537741464819671 0.0 0.0 -0.20725088861636765 -0.20725088861636767 0.4999999999996191 0.4999999999996191 0.49999999999999967 0.49999999999999967
0.65 3.3878685417271692e-06 0.9526123635607868 0.9526123635607866 0.0 0.0 -0.20712472985844632 -0.20712472985844632 0.4999999999996185 0.4999999999996185 0.4999999999999998 0.4999999999999997
0.66 3.3569754636620476e-06 0.951442209807149 0.9514422098071488 0.0 0.0 -0.20699758289882753 -0.20699758289882753 0.500000001376107 0.500000001376107 0.49999999999999967 0.4999999999999997
0.67 3.3547837987363392e-06 0.950263790172817 0.950263790172817 0.0 0.0 -0.20686945777942337 -0.2068694577794234 0.5000000000983058 0.5000000000983058 0.49999999999999983 0.49999999999999967
0.68 3.3525645601060143e-06 0.949077204110018 0.9490772041100182 0.0 0.0 -0.2067403633660845 -0.20674036336608453 0.5000000000065828 0.5000000000065828 0.49999999999999967 0.4999999999999998
0.6900000000000001 3.3503172664046663e-06 0.9478821267603242 0.947882126760324 0.0 0.0 -0.20660921527565554 -0.20660921527565554 0.4999999999999927 0.4999999999999927 0.4999999999999998 0.4999999999999997
0.7000000000000001 3.3480435502566728e-06 0.946679441943845 0.946679441943845 0.0 0.0 -0.20647811740887176 -0.20647811740887176 0.49999999999957123 0.49999999999957123 0.5 0.49999999999999983
0.71 3.3457428999357443e-06 0.9454688865323089 0.9454688865323089 0.0 0.0 -0.20634614730099854 -0.20634614730099854 0.4999999999995424 0.4999999999995424 0.49999999999999967 0.4999999999999998
0.72 3.3434154044169782e-06 0.9442505142574606 0.9442505142574606 0.0 0.0 -0.20621324409824182 -0.20621324409824182 0.49999999999953865 0.49999999999953865 0.49999999999999967 0.49999999999999967
0.73 3.3410611980192384e-06 0.9430243980948223 0.9430243980948223 0.0 0.0 -0.20607940925697785 -0.20607940925697787 0.4999999999995366 0.4999999999995366 0.49999999999999983 0.4999999999999996
0.74 3.3386804208427444e-06 0.9417906082189579 0.9417906082189579 0.0 0.0 -0.2059446483246879 -0.2059446483246879 0.49999999999953476 0.49999999999953476 0.49999999999999956 0.4999999999999999
0.75 3.3362732149061924e-06 0.94054921045612 0.94054921045612 0.0 0.0 -0.2058089666971167 -0.2058089666971167 0.4999999999995332 0.4999999999995332 0.4999999999999998 0.49999999999999967
0.76 3.3338397235263183e-06 0.9393002662622773 0.9393002662622773 0.0 0.0 -0.20567236931661778 -0.20567236931661778 0.4999999999995318 0.4999999999995318 0.49999999999999967 0.4999999999999997
0.77 3.3313800923805446e-06 0.9380438328123106 0.9380438328123106 0.0 0.0 -0.20553486065873905 -0.20553486065873905 0.49999999999953065 0.49999999999953065 0.4999999999999998 0.4999999999999998
0.78 3.328894468947361e-06 0.9367799630947932 0.9367799630947932 0.0 0.0 -0.2053964447396692 -0.2053964447396692 0.49999999999952965 0.49999999999952965 0.4999999999999999 0.49999999999999994
0.79 3.3263830026469007e-06 0.9355087060044807 0.9355087060044811 0.0 0.0 -0.20525712512492755 -0.20525712512492755 0.4999999999995288 0.4999999999995288 0.49999999999999967 0.49999999999999967
0.8 3.323845845403982e-06 0.9342301064320101 0.9342301064320101 0.0 0.0 -0.20511690493785978 -0.20511690493785978 0.4999999999995281 0.4999999999995281 0.4999999999999997 0.49999999999999967
0.81 3.3212831509408575e-06 0.9329442053507877 0.9329442053507877 0.0 0.0 -0.2049757868678403 -0.2049757868678403 0.49999999999952766 0.49999999999952766 0.4999999999999997 0.49999999999999967
0.8200000000000001 3.318695075651701e-06 0.9316510399011537 0.9316510399011537 0.0 0.0 -0.20483377317817772 -0.20483377317817772 0.4999999999995273 0.4999999999995273 0.4999999999999998 0.49999999999999967
0.8300000000000001 3.316080669328084e-06 0.9303500906356075 0.9303500906356075 0.0 0.0 -0.2046897594098732 -0.2046897594098732 0.499999999999571 0.499999999999571 0.49999999999999967 0.49999999999999967
0.84 3.313442201424436e-06 0.9290424400488125 0.9290424400488126 0.0 0.0 -0.204545874343351 -0.20454587434335103 0.49999999999957934 0.49999999999957934 0.4999999999999998 0.49999999999999994
0.85 3.310778906872945e-06 0.9277276489479513 0.9277276489479511 0.0 0.0 -0.2044011679119179 -0.2044011679119179 0.4999999999995805 0.4999999999995805 0.49999999999999983 0.4999999999999997
0.86 3.3080908882224373e-06 0.9264057074749847 0.9264057074749847 0.0 0.0 -0.20425557556007554 -0.20425557556007554 0.49999999999958095 0.49999999999958095 0.49999999999999967 0.4999999999999997
0.87 3.3053783113366625e-06 0.9250766324999731 0.9250766324999731 0.0 0.0 -0.20410909304462857 -0.20410909304462857 0.49999999999958156 0.49999999999958156 0.4999999999999998 0.49999999999999967
0.88 3.302641349742981e-06 0.9237404396200715 0.9237404396200715 0.0 0.0 -0.2039617199094832 -0.2039617199094832 0.4999999999995824 0.4999999999995824 0.49999999999999956 0.4999999999999998
0.89 3.299880180877427e-06 0.9223971412639485 0.9223971412639485 0.0 0.0 -0.20381345560749273 -0.20381345560749273 0.49999999999958333 0.49999999999958333 0.49999999999999967 0.4999999999999998
0.9 3.2970949861073195e-06 0.92104674661838 0.9210467466183797 0.0 0.0 -0.2036642992385119 -0.20366429923851187 0.4999999999995845 0.4999999999995845 0.49999999999999956 0.49999999999999994
0.91 3.2942859499188123e-06 0.9196892616803858 0.9196892616803858 0.0 0.0 -0.2035142495363586 -0.2035142495363586 0.49999999999958583 0.49999999999958583 0.49999999999999967 0.4999999999999997
0.92 3.291453261513012e-06 0.9183246893161114 0.9183246893161114 0.0 0.0 -0.20336330487274162 -0.20336330487274162 0.4999999999995874 0.4999999999995874 0.49999999999999983 0.4999999999999996
0.93 3.2885971145140034e-06 0.9169530293181125 0.9169530293181125 0.0 0.0 -0.2032114632621355 -0.20321146326213554 0.49999999999958905 0.49999999999958905 0.4999999999999998 0.4999999999999996
0.9400000000000001 3.2857177071760483e-06 0.9155742784605088 0.915574278460509 0.0 0.0 -0.20305872236649486 -0.20305872236649486 0.49999999999959105 0.49999999999959105 0.4999999999999999 0.4999999999999996
0.9500000000000001 3.2828152420338396e-06 0.9141884305519946 0.9141884305519946 0.0 0.0 -0.20290507949973424 -0.20290507949973424 0.4999999999995931 0.4999999999995931 0.49999999999999983 0.4999999999999998
0.96 3.2798899277772524e-06 0.9127954764867485 0.9127954764867485 0.0 0.0 -0.202750531631971 -0.202750531631971 0.4999999999995955 0.4999999999995955 0.49999999999999967 0.4999999999999997
0.97 3.2769405110473636e-06 0.9113947067103889 0.9113947067103889 0.0 0.0 -0.20259395991248905 -0.20259395991248902 0.4999999999996355 0.4999999999996355 0.4999999999999997 0.4999999999999997
0.98 3.2739700090659507e-06 0.9099874391373821 0.9099874391373819 0.0 0.0 -0.20243750972025748 -0.20243750972025748 0.4999999999996445 0.4999999999996445 0.49999999999999967 0.4999999999999998
0.99 3.270977403036613e-06 0.9085730626312796 0.9085730626312796 0.0 0.0 -0.20228021042279382 -0.20228021042279382 0.49999999999964784 0.49999999999964784 0.49999999999999967 0.4999999999999996
1.0 3.2679628427072403e-06 0.9071515177761599 0.9071515177761601 0.0 0.0 -0.2021219949106959 -0.2021219949106959 0.4999999999996508 0.4999999999996508 0.4999999999999998 0.49999999999999967
1.01 3.2649265609916533e-06 0.9057227789909519 0.9057227789909521 0.0 0.0 -0.20196285440059455 -0.20196285440059458 0.4999999999996539 0.4999999999996539 0.4999999999999998 0.49999999999999967
1.02 3.2618688029716647e-06 0.9042868204566755 0.9042868204566755 0.0 0.0 -0.20180278360479317 -0.20180278360479317 0.4999999999996572 0.4999999999996572 0.4999999999999996 0.49999999999999983
1.03 3.2587898215326633e-06 0.9028436138994524 0.9028436138994524 0.0 0.0 -0.2016417771645091 -0.2016417771645091 0.4999999999996608 0.4999999999996608 0.4999999999999999 0.49999999999999967
1.04 3.255689877390086e-06 0.9013931284761788 0.9013931284761788 0.0 0.0 -0.20147982941914913 -0.20147982941914913 0.49999999999966466 0.49999999999966466 0.49999999999999967 0.49999999999999983
1.05 3.252569239552199e-06 0.8999353307978113 0.8999353307978113 0.0 0.0 -0.2013169343932294 -0.2013169343932294 0.4999999999996687 0.4999999999996687 0.4999999999999998 0.4999999999999997
1.06 3.249428185978772e-06 0.8984701849600829 0.8984701849600831 0.0 0.0 -0.2011530857973521 -0.2011530857973521 0.49999999999967304 0.49999999999967304 0.4999999999999998 0.49999999999999967
1.07 3.2462670031253456e-06 0.8969976525730147 0.8969976525730148 0.0 0.0 -0.2009882770299021 -0.2009882770299021 0.4999999999996777 0.4999999999996777 0.4999999999999997 0.49999999999999967
1.08 3.2430859876418392e-06 0.8955176927886641 0.8955176927886641 0.0 0.0 -0.2008225011785875 -0.2008225011785875 0.4999999999996826 0.4999999999996826 0.49999999999999967 0.49999999999999967
1.09 3.2398854461374667e-06 0.8940302623270773 0.8940302623270773 0.0 0.0 -0.20065575102176664 -0.20065575102176664 0.49999999999968775 0.49999999999968775 0.4999999999999998 0.49999999999999983
1.1 3.2366656957269783e-06 0.8925353155004656 0.8925353155004652 0.0 0.0 -0.20048801902955776 -0.20048801902955776 0.49999999999969313 0.49999999999969313 0.49999999999999967 0.4999999999999999
1.11 3.233425209140473e-06 0.8910319416716884 0.8910319416716886 0.0 0.0 -0.20031816705178535 -0.20031816705178537 0.49999999999972694 0.49999999999972694 0.4999999999999999 0.4999999999999998
1.12 3.2301678774615235e-06 0.8895217417317768 0.8895217417317768 0.0 0.0 -0.20014836734026178 -0.20014836734026178 0.499999999999737 0.499999999999737 0.49999999999999967 0.49999999999999967
1.1300000000000001 3.226892463465208e-06 0.8880039233103165 0.8880039233103165 0.0 0.0 -0.19997762634892655 -0.19997762634892655 0.4999999999997431 0.4999999999997431 0.4999999999999996 0.49999999999999983
1.1400000000000001 3.2235992327770025e-06 0.8864783847972205 0.8864783847972207 0.0 0.0 -0.19980587423760385 -0.19980587423760385 0.49999999999974915 0.49999999999974915 0.4999999999999999 0.4999999999999998
1.1500000000000001 3.2202885571264296e-06 0.8849450658207002 0.8849450658207 0.0 0.0 -0.19963309813747218 -0.19963309813747218 0.49999999999975553 0.49999999999975553 0.49999999999999967 0.49999999999999967
1.16 3.2169608294251516e-06 0.8834039064562639 0.8834039064562639 0.0 0.0 -0.19945928843798058 -0.19945928843798058 0.49999999999976213 0.49999999999976213 0.4999999999999998 0.49999999999999983
1.17 3.2136164577243295e-06 0.8818548446654026 0.8818548446654024 0.0 0.0 -0.19928443544459923 -0.19928443544459923 0.4999999999997692 0.4999999999997692 0.4999999999999999 0.4999999999999997
1.18 3.210255865173275e-06 0.8802978161429238 0.8802978161429238 0.0 0.0 -0.19910852916941724 -0.19910852916941724 0.4999999999997766 0.4999999999997766 0.4999999999999997 0.4999999999999997
1.19 3.206879491912783e-06 0.8787327543151129 0.8787327543151129 0.0 0.0 -0.19893155931716544 -0.19893155931716547 0.49999999999978434 0.49999999999978434 0.49999999999999967 0.4999999999999998
1.2 3.203487794674845e-06 0.8771595903458794 0.8771595903458794 0.0 0.0 -0.1987535152832788 -0.1987535152832788 0.4999999999997924 0.4999999999997924 0.49999999999999967 0.4999999999999998
1.21 3.2000812489898434e-06 0.8755782531417791 0.8755782531417791 0.0 0.0 -0.19857438615249784 -0.19857438615249784 0.499999999999801 0.499999999999801 0.49999999999999983 0.49999999999999983
1.22 3.1966603485224067e-06 0.8739886693553377 0.8739886693553377 0.0 0.0 -0.1983941606972855 -0.1983941606972855 0.49999999999980993 0.49999999999980993 0.4999999999999997 0.4999999999999998
1.23 3.1932234296113883e-06 0.8723897478621294 0.8723897478621294 0.0 0.0 -0.19821169060864144 -0.19821169060864144 0.4999999999998363 0.4999999999998363 0.4999999999999997 0.4999999999999997
1.24 3.1897752049266284e-06 0.8707833578373213 0.8707833578373213 0.0 0.0 -0.19802915906985868 -0.19802915906985868 0.4999999999998476 0.4999999999998476 0.4999999999999998 0.4999999999999998
1.25 3.1335337245995224e-06 0.8691685427255734 0.8691685427255731 0.0 0.0 -0.19784555780983787 -0.19784555780983787 0.5000000016060308 0.5000000016060308 0.49999999999999967 0.49999999999999983
1.26 3.129166473315718e-06 0.8675451682828917 0.8675451682828917 0.0 0.0 -0.19766081611329628 -0.1976608161132963 0.5000000000676359 0.5000000000676359 0.4999999999999998 0.4999999999999998
1.27 3.1247675835322894e-06 0.8659131463280763 0.8659131463280763 0.0 0.0 -0.19747491723789096 -0.19747491723789098 0.5000000000024362 0.5000000000024362 0.4999999999999999 0.4999999999999998
1.28 3.1203373480670265e-06 0.8642723897345646 0.8642723897345646 0.0 0.0 -0.19728784780223313 -0.19728784780223313 0.4999999999996738 0.4999999999996738 0.49999999999999967 0.4999999999999998
1.29 3.115875869079623e-06 0.8626228092904572 0.8626228092904573 0.0 0.0 -0.1970995943086816 -0.1970995943086816 0.49999999999955763 0.49999999999955763 0.49999999999999967 0.4999999999999999
1.3 3.111383247851159e-06 0.8609643135038405 0.8609643135038407 0.0 0.0 -0.19691014293851788 -0.19691014293851788 0.49999999999955375 0.49999999999955375 0.49999999999999983 0.4999999999999998
1.31 3.106859594780114e-06 0.8592968085786795 0.8592968085786795 0.0 0.0 -0.19671947953597335 -0.19671947953597335 0.49999999999955497 0.49999999999955497 0.4999999999999998 0.4999999999999997
1.32 3.1023050302856256e-06 0.8576201983992847 0.8576201983992847 0.0 0.0 -0.19652758960334188 -0.19652758960334188 0.49999999999955647 0.49999999999955647 0.4999999999999997 0.4999999999999998
1.33 3.0977196844196403e-06 0.85593438451349 0.85593438451349 0.0 0.0 -0.1963344582964913 -0.1963344582964913 0.49999999999955824 0.49999999999955824 0.4999999999999998 0.4999999999999997
1.34 3.0931036989348188e-06 0.8542392661138835 0.8542392661138835 0.0 0.0 -0.1961400704201214 -0.1961400704201214 0.4999999999995602 0.4999999999995602 0.49999999999999967 0.4999999999999997
1.35 3.088453957467785e-06 0.8525335395261543 0.8525335395261543 0.0 0.0 -0.1959432531504566 -0.19594325315045658 0.4999999999996032 0.4999999999996032 0.4999999999999998 0.4999999999999997
1.36 3.0837768944951605e-06 0.8508194027177771 0.8508194027177769 0.0 0.0 -0.1957462263329045 -0.1957462263329045 0.4999999999996112 0.4999999999996112 0.49999999999999967 0.4999999999999998
1.37 3.07906986073768e-06 0.8490957079785414 0.8490957079785414 0.0 0.0 -0.19554795683484236 -0.19554795683484238 0.49999999999961403 0.49999999999961403 0.4999999999999998 0.4999999999999998
1.3800000000000001 3.0743328842062472e-06 0.8473622844755944 0.8473622844755944 0.0 0.0 -0.1953483696856717 -0.1953483696856717 0.4999999999996167 0.4999999999996167 0.49999999999999967 0.49999999999999967
1.3900000000000001 3.069566161851701e-06 0.8456190157253556 0.8456190157253556 0.0 0.0 -0.1951474444835046 -0.1951474444835046 0.4999999999996196 0.4999999999996196 0.4999999999999997 0.4999999999999998
1.4000000000000001 3.064769916096694e-06 0.8438657860470786 0.8438657860470786 0.0 0.0 -0.19494516360681563 -0.19494516360681563 0.49999999999962275 0.49999999999962275 0.4999999999999999 0.4999999999999997
1.41 3.0599443854745215e-06 0.8421024774080583 0.8421024774080583 0.0 0.0 -0.19474150922404218 -0.19474150922404218 0.49999999999962613 0.49999999999962613 0.49999999999999967 0.4999999999999998
1.42 3.055089826767299e-06 0.8403289692044134 0.8403289692044136 0.0 0.0 -0.19453646311334008 -0.19453646311334008 0.49999999999962996 0.49999999999962996 0.4999999999999999 0.4999999999999998
1.43 3.050206514622176e-06 0.8385451382116447 0.8385451382116447 0.0 0.0 -0.19433000664470088 -0.1943300066447009 0.499999999999634 0.499999999999634 0.5 0.4999999999999999
1.44 3.0452947443075025e-06 0.8367508585428257 0.8367508585428259 0.0 0.0 -0.19412212077114754 -0.19412212077114754 0.49999999999963834 0.49999999999963834 0.4999999999999999 0.4999999999999998
1.45 3.0403510927546557e-06 0.8349446336065286 0.8349446336065286 0.0 0.0 -0.19391161662888962 -0.19391161662888962 0.4999999999996765 0.4999999999996765 0.4999999999999998 0.49999999999999983
1.46 3.035383076243643e-06 0.8331289586832126 0.8331289586832128 0.0 0.0 -0.19370073447753874 -0.19370073447753874 0.4999999999996855 0.4999999999996855 0.49999999999999967 0.4999999999999996
1.47 3.0303878060387863e-06 0.831302510734733 0.831302510734733 0.0 0.0 -0.1934884233862065 -0.19348842338620648 0.4999999999996908 0.4999999999996908 0.4999999999999999 0.4999999999999997
1.48 3.0253654850264015e-06 0.829465086047587 0.829465086047587 0.0 0.0 -0.19327460542038652 -0.19327460542038652 0.4999999999996961 0.4999999999996961 0.4999999999999996 0.4999999999999997
1.49 3.02031651390676e-06 0.8276165409160866 0.8276165409160866 0.0 0.0 -0.19305925611531144 -0.1930592561153115 0.4999999999997018 0.4999999999997018 0.4999999999999996 0.4999999999999998
1.5 3.0152413312356277e-06 0.8257567322159552 0.8257567322159552 0.0 0.0 -0.1928423535371328 -0.1928423535371328 0.499999999999708 0.499999999999708 0.4999999999999998 0.4999999999999998
1.51 3.0101404040044997e-06 0.8238855139953295 0.8238855139953295 0.0 0.0 -0.19262387543336568 -0.19262387543336568 0.49999999999971456 0.49999999999971456 0.5 0.5
1.52 3.0050142311811622e-06 0.8220027372203805 0.8220027372203805 0.0 0.0 -0.19240379906173466 -0.19240379906173466 0.4999999999997216 0.4999999999997216 0.49999999999999983 0.49999999999999983
1.53 2.999863343511757e-06 0.8201082496966537 0.8201082496966535 0.0 0.0 -0.1921821011686231 -0.19218210116862314 0.4999999999997292 0.4999999999997292 0.49999999999999956 0.4999999999999998
1.54 2.994684140503753e-06 0.8182003581909613 0.8182003581909613 0.0 0.0 -0.19195757535453473 -0.19195757535453475 0.4999999999997619 0.4999999999997619 0.49999999999999994 0.49999999999999994
1.55 2.98948523361777e-06 0.816281857771681 0.816281857771681 0.0 0.0 -0.19173248363412074 -0.19173248363412074 0.49999999999977274 0.49999999999977274 0.4999999999999997 0.49999999999999983
1.56 2.984263625574694e-06 0.8143512462815335 0.8143512462815333 0.0 0.0 -0.19150575645587248 -0.19150575645587248 0.49999999999978123 0.49999999999978123 0.5 0.5
1.57 2.979019799834652e-06 0.812408285191087 0.8124082851910868 0.0 0.0 -0.1912773121968326 -0.1912773121968326 0.49999999999979017 0.49999999999979017 0.49999999999999956 0.4999999999999999
1.58 2.973754469101678e-06 0.8104528013168316 0.8104528013168312 0.0 0.0 -0.1910471217806041 -0.19104712178060407 0.4999999999997997 0.4999999999997997 0.49999999999999967 0.49999999999999967
1.59 2.968468401869863e-06 0.8084846215994409 0.8084846215994411 0.0 0.0 -0.19081515840575775 -0.19081515840575775 0.49999999999980993 0.49999999999980993 0.49999999999999994 0.4999999999999999
1.6 2.963162415449343e-06 0.8065035694427184 0.8065035694427187 0.0 0.0 -0.1905813948093725 -0.1905813948093725 0.4999999999998207 0.4999999999998207 0.49999999999999967 0.4999999999999997
1.61 2.957837377418269e-06 0.8045094644164974 0.8045094644164972 0.0 0.0 -0.19034580310076768 -0.19034580310076768 0.4999999999998324 0.4999999999998324 0.49999999999999967 0.4999999999999997
1.62 2.952489685422283e-06 0.8025004174336725 0.8025004174336725 0.0 0.0 -0.19010715968959202 -0.19010715968959202 0.4999999999998593 0.4999999999998593 0.49999999999999967 0.4999999999999998
1.6300000000000001 2.947129028420757e-06 0.8004795151547728 0.8004795151547728 0.0 0.0 -0.18986774602554518 -0.18986774602554518 0.4999999999998728 0.4999999999998728 0.49999999999999967 0.49999999999999967
1.6400000000000001 2.917152185861203e-06 0.7984450759413539 0.7984450759413538 0.0 0.0 -0.18962647426997462 -0.18962647426997462 0.5000000005307237 0.5000000005307237 0.4999999999999998 0.4999999999999997
1.6500000000000001 2.9111873046344195e-06 0.7963968248101039 0.7963968248101042 0.0 0.0 -0.18938325897304617 -0.18938325897304617 0.5000000000144674 0.5000000000144674 0.5 0.49999999999999983
1.6600000000000001 2.905191253715025e-06 0.7943345558013185 0.7943345558013185 0.0 0.0 -0.18913806558250026 -0.18913806558250024 0.5000000000001192 0.5000000000001192 0.4999999999999999 0.5000000000000001
1.67 2.8991647054243977e-06 0.7922580627175411 0.7922580627175408 0.0 0.0 -0.1888908617865654 -0.1888908617865654 0.49999999999972716 0.49999999999972716 0.49999999999999967 0.4999999999999997
1.68 2.8931083097679263e-06 0.7901671348747409 0.7901671348747406 0.0 0.0 -0.18864161463336432 -0.18864161463336432 0.49999999999972355 0.49999999999972355 0.4999999999999998 0.4999999999999998
1.69 2.8870173980638467e-06 0.7880596956074056 0.7880596956074054 0.0 0.0 -0.1883890862015234 -0.1883890862015234 0.49999999999975653 0.49999999999975653 0.4999999999999996 0.4999999999999998
1.7 2.880903049028167e-06 0.785939100501423 0.7859391005014228 0.0 0.0 -0.18813557036975875 -0.18813557036975875 0.49999999999976724 0.49999999999976724 0.4999999999999998 0.4999999999999998
1.71 2.874761364135169e-06 0.7838034956055742 0.7838034956055744 0.0 0.0 -0.1878799641394707 -0.1878799641394707 0.4999999999997762 0.4999999999997762 0.49999999999999956 0.49999999999999983
1.72 2.8685929714773797e-06 0.7816525659589866 0.7816525659589866 0.0 0.0 -0.18762217676312015 -0.18762217676312015 0.49999999999978556 0.49999999999978556 0.4999999999999997 0.4999999999999998
1.73 2.8623987932995723e-06 0.7794860705729553 0.7794860705729553 0.0 0.0 -0.18736216811922698 -0.18736216811922696 0.4999999999997958 0.4999999999997958 0.4999999999999998 0.4999999999999997
1.74 2.8561798330109423e-06 0.7773037668769888 0.7773037668769891 0.0 0.0 -0.18709989976612043 -0.18709989976612043 0.49999999999980677 0.49999999999980677 0.5000000000000001 0.5
1.75 2.8499315124164967e-06 0.775103409180124 0.775103409180124 0.0 0.0 -0.18683412536967195 -0.18683412536967195 0.4999999999998356 0.4999999999998356 0.49999999999999956 0.49999999999999983
1.76 2.8436658806905096e-06 0.7728885815655469 0.7728885815655469 0.0 0.0 -0.18656713881631004 -0.18656713881631007 0.4999999999998489 0.4999999999998489 0.4999999999999998 0.4999999999999998
1.77 2.8373792001269364e-06 0.7706572726387999 0.7706572726388001 0.0 0.0 -0.18629782679480356 -0.18629782679480356 0.49999999999986156 0.49999999999986156 0.4999999999999998 0.4999999999999998
1.78 2.831072551945788e-06 0.7684091273548702 0.7684091273548702 0.0 0.0 -0.18602609366144046 -0.18602609366144043 0.4999999999998751 0.4999999999998751 0.4999999999999998 0.4999999999999998
1.79 2.8247473490348274e-06 0.7661438671134764 0.7661438671134762 0.0 0.0 -0.1857518930416821 -0.1857518930416821 0.49999999999988975 0.49999999999988975 0.4999999999999998 0.4999999999999997
1.8 2.8184051180174435e-06 0.7638612104591076 0.7638612104591074 0.0 0.0 -0.18547517987563003 -0.18547517987563003 0.49999999999990546 0.49999999999990546 0.49999999999999967 0.4999999999999999
1.81 2.812041539378734e-06 0.7615587059468706 0.7615587059468706 0.0 0.0 -0.18519468689667232 -0.18519468689667234 0.4999999999999297 0.4999999999999297 0.49999999999999967 0.4999999999999998
1.82 2.8056698461573357e-06 0.759240212980261 0.7592402129802611 0.0 0.0 -0.18491272752769294 -0.18491272752769294 0.49999999999994693 0.49999999999994693 0.49999999999999983 0.49999999999999994
1.83 2.799286659156074e-06 0.7569035303511154 0.7569035303511154 0.0 0.0 -0.18462816783927927 -0.1846281678392793 0.49999999999996475 0.49999999999996475 0.4999999999999999 0.4999999999999998
1.84 2.792893732106254e-06 0.7545482524636519 0.7545482524636521 0.0 0.0 -0.18434090486213084 -0.18434090486213084 0.499999999999984 0.499999999999984 0.4999999999999999 0.4999999999999999
1.85 2.786493205398243e-06 0.7521740536999082 0.7521740536999082 0.0 0.0 -0.18405088426056063 -0.18405088426056063 0.5000000000000048 0.5000000000000048 0.49999999999999967 0.4999999999999997
1.86 2.78008738443784e-06 0.7497806039236802 0.7497806039236802 0.0 0.0 -0.18375805262549869 -0.18375805262549866 0.5000000000000271 0.5000000000000271 0.4999999999999998 0.4999999999999997
1.87 2.773672486175779e-06 0.7473651983673768 0.747365198367377 0.0 0.0 -0.18346110712254526 -0.18346110712254526 0.5000000000000466 0.5000000000000466 0.49999999999999967 0.4999999999999997
1.8800000000000001 2.7672632177320855e-06 0.7449320307879754 0.7449320307879757 0.0 0.0 -0.18316240277806917 -0.18316240277806917 0.5000000000000697 0.5000000000000697 0.49999999999999983 0.4999999999999997
1.8900000000000001 2.7608568795920647e-06 0.7424786681861384 0.7424786681861383 0.0 0.0 -0.1828607728544324 -0.1828607728544324 0.5000000000000949 0.5000000000000949 0.49999999999999983 0.4999999999999999
1.9000000000000001 2.709297461368415e-06 0.7400046390952949 0.7400046390952949 0.0 0.0 -0.18255610340986891 -0.18255610340986891 0.5000000007622529 0.5000000007622529 0.49999999999999967 0.4999999999999997
1.9100000000000001 2.7015082292317986e-06 0.7375071019768266 0.7375071019768266 0.0 0.0 -0.1822470914125524 -0.1822470914125524 0.5000000000122472 0.5000000000122472 0.4999999999999999 0.4999999999999998
1.92 2.6936836321799353e-06 0.7349903840320439 0.7349903840320436 0.0 0.0 -0.18193606754224512 -0.18193606754224512 0.49999999999994316 0.49999999999994316 0.4999999999999999 0.4999999999999997
1.93 2.6858181219322772e-06 0.7324519224950469 0.7324519224950469 0.0 0.0 -0.18162186303449143 -0.18162186303449143 0.49999999999974876 0.49999999999974876 0.49999999999999983 0.49999999999999983
1.94 2.6779125752432164e-06 0.7298911985898106 0.7298911985898107 0.0 0.0 -0.18130435807068476 -0.18130435807068476 0.49999999999975414 0.49999999999975414 0.49999999999999967 0.4999999999999998
1.95 2.669968293251449e-06 0.7273077775081451 0.7273077775081451 0.0 0.0 -0.18098347963128913 -0.18098347963128913 0.49999999999976386 0.49999999999976386 0.49999999999999967 0.49999999999999983
1.96 2.661978618137252e-06 0.7246985597634182 0.7246985597634185 0.0 0.0 -0.18065788907172226 -0.1806578890717223 0.49999999999979566 0.49999999999979566 0.5000000000000002 0.4999999999999999
1.97 2.6539607467313626e-06 0.7220681834078102 0.7220681834078102 0.0 0.0 -0.18032995495527146 -0.18032995495527146 0.4999999999998085 0.4999999999998085 0.49999999999999944 0.4999999999999997
1.98 2.645909286084591e-06 0.7194138452706939 0.7194138452706936 0.0 0.0 -0.17999847438188166 -0.17999847438188163 0.499999999999821 0.499999999999821 0.4999999999999998 0.49999999999999983
1.99 2.6378258311453197e-06 0.7167349467794686 0.7167349467794684 0.0 0.0 -0.17966331428618038 -0.17966331428618038 0.49999999999983474 0.49999999999983474 0.4999999999999996 0.4999999999999998
2.0 2.6297041094246574e-06 0.7140281757729745 0.7140281757729747 0.0 0.0 -0.17932311255899602 -0.17932311255899602 0.4999999999998641 0.4999999999998641 0.49999999999999967 0.4999999999999999
2.0100000000000002 2.62156256080161e-06 0.71129838117335 0.7112983811733505 0.0 0.0 -0.17898024500839882 -0.17898024500839887 0.4999999999998807 0.4999999999998807 0.5 0.4999999999999999
2.02 2.6133963368246443e-06 0.7085425637513916 0.7085425637513914 0.0 0.0 -0.17863348774509766 -0.17863348774509766 0.49999999999989786 0.49999999999989786 0.49999999999999956 0.49999999999999983
2.0300000000000002 2.6051994669548632e-06 0.7057571745201962 0.7057571745201962 0.0 0.0 -0.17828143013238232 -0.17828143013238232 0.4999999999999247 0.4999999999999247 0.4999999999999998 0.4999999999999997
2.04 2.5969912116000494e-06 0.7029471377189784 0.7029471377189784 0.0 0.0 -0.17792641481403448 -0.17792641481403448 0.49999999999994454 0.49999999999994454 0.4999999999999998 0.4999999999999997
2.05 2.5887674623628177e-06 0.700109325603591 0.700109325603591 0.0 0.0 -0.17756721521222446 -0.17756721521222446 0.49999999999996586 0.49999999999996586 0.49999999999999956 0.49999999999999994
2.06 2.58053155160115e-06 0.6972429976512082 0.6972429976512082 0.0 0.0 -0.17720367623021946 -0.17720367623021946 0.49999999999998945 0.49999999999998945 0.49999999999999967 0.4999999999999998
2.07 2.572278768080081e-06 0.6943444220389638 0.6943444220389638 0.0 0.0 -0.17683439231125755 -0.17683439231125755 0.5000000000000144 0.5000000000000144 0.4999999999999999 0.5
2.08 2.564030290612823e-06 0.6914188157321057 0.691418815732106 0.0 0.0 -0.176461745304396 -0.176461745304396 0.5000000000000406 0.5000000000000406 0.49999999999999967 0.49999999999999983
2.09 2.5346257503538356e-06 0.6884627782054278 0.6884627782054278 0.0 0.0 -0.17608446727126867 -0.1760844672712687 0.5000000002014225 0.5000000002014225 0.49999999999999956 0.4999999999999998
2.1 2.525534345107348e-06 0.685472261379988 0.685472261379988 0.0 0.0 -0.17570108464474196 -0.17570108464474196 0.5000000000018342 0.5000000000018342 0.4999999999999998 0.4999999999999999
2.11 2.516421373627944e-06 0.6824526172564377 0.6824526172564374 0.0 0.0 -0.17531397090539477 -0.17531397090539477 0.4999999999999178 0.49999999999991773 0.4999999999999997 0.49999999999999967
2.12 2.507281992022551e-06 0.679400250084774 0.6794002500847742 0.0 0.0 -0.1749218378240139 -0.17492183782401394 0.49999999999991895 0.49999999999991895 0.4999999999999999 0.49999999999999983
2.13 2.4981100327876045e-06 0.6763108641264629 0.6763108641264629 0.0 0.0 -0.1745231809646251 -0.1745231809646251 0.49999999999994693 0.49999999999994693 0.5000000000000001 0.5000000000000003
2.14 2.4889290072246525e-06 0.6731899839559423 0.6731899839559419 0.0 0.0 -0.17412038050226927 -0.17412038050226925 0.49999999999997036 0.49999999999997036 0.49999999999999967 0.49999999999999983
2.15 2.4797352234505543e-06 0.6700337792997478 0.6700337792997474 0.0 0.0 -0.17371211799921593 -0.1737121179992159 0.49999999999999667 0.49999999999999667 0.4999999999999998 0.49999999999999983
2.16 2.4705238142803193e-06 0.666837656193977 0.6668376561939767 0.0 0.0 -0.17329684558103883 -0.17329684558103883 0.5000000000000239 0.5000000000000239 0.49999999999999967 0.4999999999999999
2.17 2.4613203763151e-06 0.6636073462291805 0.6636073462291805 0.0 0.0 -0.1728769628419113 -0.1728769628419113 0.5000000000000542 0.5000000000000542 0.4999999999999999 0.4999999999999998
2.18 2.4521129108622014e-06 0.6603351640529378 0.660335164052938 0.0 0.0 -0.17244978418946463 -0.17244978418946466 0.5000000000000805 0.5000000000000805 0.4999999999999999 0.49999999999999994
2.19 2.4429279256400028e-06 0.6570267133333672 0.6570267133333674 0.0 0.0 -0.17201762149387187 -0.17201762149387187 0.5000000000001151 0.5000000000001151 0.4999999999999999 0.49999999999999994
2.2 2.4337551931285346e-06 0.6536740802354717 0.6536740802354721 0.0 0.0 -0.17157778230195175 -0.17157778230195175 0.5000000000001411 0.5000000000001411 0.4999999999999999 0.49999999999999983
2.21 2.4246228716586004e-06 0.6502828856269095 0.6502828856269096 0.0 0.0 -0.1711325490103064 -0.1711325490103064 0.500000000000181 0.500000000000181 0.49999999999999956 0.49999999999999983
2.22 2.415522931458602e-06 0.6468449463235459 0.6468449463235459 0.0 0.0 -0.1706792115247987 -0.1706792115247987 0.500000000000207 0.500000000000207 0.49999999999999994 0.5
2.23 2.366530161686864e-06 0.6433659131097527 0.6433659131097527 0.0 0.0 -0.17022002937541766 -0.17022002937541766 0.5000000002139028 0.5000000002139028 0.49999999999999967 0.4999999999999997
2.24 2.3555347763540696e-06 0.6398372835921861 0.639837283592186 0.0 0.0 -0.16975226200711144 -0.16975226200711144 0.500000000000978 0.500000000000978 0.49999999999999944 0.49999999999999956
2.25 2.3445023041587603e-06 0.6362647558573562 0.6362647558573562 0.0 0.0 -0.16927815416609449 -0.16927815416609449 0.49999999999989997 0.49999999999989997 0.4999999999999997 0.5
2.2600000000000002 2.3334162037083702e-06 0.6326394372943078 0.6326394372943077 0.0 0.0 -0.16879491614043943 -0.16879491614043943 0.49999999999992356 0.49999999999992356 0.49999999999999967 0.4999999999999998
2.27 2.322306097840312e-06 0.6289670900255491 0.6289670900255491 0.0 0.0 -0.16830478568933652 -0.16830478568933652 0.4999999999999471 0.4999999999999471 0.4999999999999998 0.4999999999999998
2.2800000000000002 2.31115703260443e-06 0.6252383617118348 0.6252383617118347 0.0 0.0 -0.16780490769204431 -0.16780490769204431 0.49999999999997713 0.49999999999997713 0.5 0.5000000000000001
2.29 2.300001232711728e-06 0.6214590918625802 0.6214590918625799 0.0 0.0 -0.16729751950296834 -0.16729751950296834 0.500000000000007 0.500000000000007 0.49999999999999983 0.5
2.3000000000000003 2.2888259452756783e-06 0.617619380652092 0.617619380652092 0.0 0.0 -0.1667796802770834 -0.1667796802770834 0.5000000000000385 0.5000000000000385 0.5 0.5
2.31 2.2776545463239265e-06 0.6137208674171857 0.6137208674171858 0.0 0.0 -0.16625226621482367 -0.16625226621482367 0.5000000000000696 0.5000000000000696 0.5 0.5
2.32 2.266513368773774e-06 0.6097656934680292 0.6097656934680292 0.0 0.0 -0.16571627341502082 -0.16571627341502082 0.5000000000001102 0.5000000000001102 0.49999999999999967 0.49999999999999983
2.33 2.2370081791282036e-06 0.6057430258393038 0.6057430258393038 0.0 0.0 -0.16516861546558578 -0.16516861546558576 0.5000000028802415 0.5000000028802415 0.49999999999999967 0.4999999999999999
2.34 2.2247915389714132e-06 0.6016541681166347 0.6016541681166347 0.0 0.0 -0.1646100854084428 -0.1646100854084428 0.5000000000078745 0.5000000000078745 0.49999999999999983 0.4999999999999999
2.35 2.212556301711902e-06 0.5974964574595436 0.5974964574595436 0.0 0.0 -0.16404023698293368 -0.1640402369829337 0.5000000000000427 0.5000000000000427 0.4999999999999999 0.49999999999999983
2.36 2.200331384258808e-06 0.5932714275062374 0.5932714275062376 0.0 0.0 -0.16345990707256378 -0.16345990707256378 0.5000000000000608 0.5000000000000608 0.4999999999999999 0.49999999999999983
2.37 2.1881089971747922e-06 0.5889668678795787 0.5889668678795785 0.0 0.0 -0.16286581949771217 -0.16286581949771217 0.5000000000000977 0.5000000000000977 0.49999999999999983 0.49999999999999994
2.38 2.1759226015230055e-06 0.5845833957365472 0.5845833957365472 0.0 0.0 -0.16225861482172488 -0.16225861482172488 0.5000000000001359 0.5000000000001359 0.4999999999999993 0.49999999999999956
2.39 2.1637977522411086e-06 0.5801173284514907 0.5801173284514904 0.0 0.0 -0.16163766234082863 -0.16163766234082863 0.5000000000001765 0.5000000000001765 0.49999999999999983 0.4999999999999999
2.4 2.1517640318938255e-06 0.5755644749424103 0.5755644749424105 0.0 0.0 -0.16100221947882637 -0.16100221947882637 0.50000000000022 0.50000000000022 0.49999999999999983 0.49999999999999994
2.41 2.1050754430425396e-06 0.5709202514289542 0.5709202514289542 0.0 0.0 -0.16035147192237315 -0.16035147192237315 0.5000000018016574 0.5000000018016574 0.5000000000000002 0.5
2.42 2.090639794452214e-06 0.5661796468526759 0.5661796468526755 0.0 0.0 -0.15968452917215464 -0.15968452917215462 0.5000000000023254 0.5000000000023254 0.4999999999999992 0.49999999999999956
2.43 2.0761343065577835e-06 0.5613319604211239 0.5613319604211239 0.0 0.0 -0.15899898173082405 -0.15899898173082405 0.500000000000005 0.500000000000005 0.4999999999999994 0.49999999999999956
2.44 2.0616130569150758e-06 0.5563811206122778 0.5563811206122778 0.0 0.0 -0.15829651961076566 -0.15829651961076566 0.5000000000000383 0.5000000000000383 0.4999999999999999 0.49999999999999983
2.45 2.0470915903153208e-06 0.5513157446278506 0.5513157446278508 0.0 0.0 -0.15757464340333033 -0.15757464340333036 0.5000000000000787 0.5000000000000787 0.5000000000000002 0.5000000000000001
2.46 2.0325910791937323e-06 0.5461226609246945 0.5461226609246943 0.0 0.0 -0.1568305079595651 -0.1568305079595651 0.5000000000001155 0.5000000000001155 0.49999999999999967 0.4999999999999997
2.47 2.0181868950522624e-06 0.5408040158528472 0.5408040158528472 0.0 0.0 -0.15606542237554108 -0.15606542237554108 0.5000000000001653 0.5000000000001653 0.5 0.5000000000000001
2.48 1.986115194049122e-06 0.5353397619212049 0.5353397619212046 0.0 0.0 -0.1552749044740748 -0.15527490447407477 0.5000000000097367 0.5000000000097367 0.5000000000000002 0.5
2.49 1.9703055327834434e-06 0.5297242186944772 0.5297242186944773 0.0 0.0 -0.15445836634558355 -0.1544583663455836 0.5000000000001045 0.5000000000001045 0.4999999999999998 0.4999999999999998
2.5 1.95457162058515e-06 0.5239453396968523 0.5239453396968523 0.0 0.0 -0.15361365577130215 -0.15361365577130215 0.5000000000001443 0.5000000000001443 0.49999999999999994 0.5000000000000002
2.5100000000000002 1.93898936258401e-06 0.5179890903289853 0.5179890903289853 0.0 0.0 -0.15273824469089137 -0.1527382446908914 0.5000000000001946 0.5000000000001946 0.5000000000000006 0.5000000000000003
2.52 1.8921447239779804e-06 0.511833153388989 0.511833153388989 0.0 0.0 -0.15182771745818885 -0.15182771745818885 0.5000000002993535 0.5000000002993535 0.49999999999999983 0.49999999999999983
2.5300000000000002 1.8734730279753212e-06 0.5054702518926887 0.5054702518926886 0.0 0.0 -0.15088152995048568 -0.15088152995048568 0.5000000000000889 0.5000000000000889 0.4999999999999994 0.49999999999999967
2.54 1.8547390577693961e-06 0.49886617295453567 0.49886617295453534 0.0 0.0 -0.1498927639157714 -0.14989276391577136 0.5000000000000853 0.5000000000000853 0.49999999999999944 0.4999999999999997
2.5500000000000003 1.8360407421134468e-06 0.4919931972768438 0.4919931972768438 0.0 0.0 -0.1488564105224663 -0.1488564105224663 0.5000000000001279 0.5000000000001279 0.5 0.4999999999999999
2.56 1.8020009160292802e-06 0.48483142480738217 0.48483142480738217 0.0 0.0 -0.1477695569479083 -0.1477695569479083 0.5000000000046091 0.5000000000046091 0.5 0.5000000000000001
2.57 1.7815683686255038e-06 0.4773213713944387 0.47732137139443853 0.0 0.0 -0.14662044471492006 -0.14662044471492006 0.5000000000001248 0.5000000000001248 0.49999999999999944 0.49999999999999967
2.58 1.7613426826033668e-06 0.46942458189250186 0.46942458189250186 0.0 0.0 -0.14540272334842372 -0.14540272334842372 0.500000000000182 0.500000000000182 0.4999999999999998 0.49999999999999967
2.59 1.7112437961461937e-06 0.46106925027247103 0.46106925027247087 0.0 0.0 -0.1441030602326545 -0.14410306023265448 0.5000000000015564 0.5000000000015564 0.4999999999999998 0.4999999999999999
2.6 1.686753250301135e-06 0.4521681036243319 0.452168103624332 0.0 0.0 -0.14270557793550312 -0.14270557793550312 0.500000000000111 0.500000000000111 0.5000000000000002 0.4999999999999999
2.61 1.6484144843371788e-06 0.44259397341879697 0.4425939734187968 0.0 0.0 -0.1411868705989009 -0.14118687059890087 0.5000000000079008 0.5000000000079008 0.5 0.4999999999999999
2.62 1.6213846143388237e-06 0.4321731090995612 0.4321731090995612 0.0 0.0 -0.13951527009607614 -0.13951527009607612 0.5000000000001694 0.5000000000001694 0.49999999999999994 0.49999999999999983
2.63 1.5663572777052048e-06 0.42061412417234867 0.42061412417234867 0.0 0.0 -0.13763698343826503 -0.13763698343826503 0.5000000000001674 0.5000000000001674 0.4999999999999998 0.4999999999999999
2.64 1.5202680510183867e-06 0.4074426186927384 0.4074426186927384 0.0 0.0 -0.13546503965662274 -0.13546503965662274 0.5000000001673999 0.5000000001673999 0.49999999999999967 0.4999999999999997
2.65 1.4581878979524846e-06 0.39167956014165606 0.39167956014165606 0.0 0.0 -0.132819222610371 -0.132819222610371 0.5000000014645952 0.5000000014645952 0.5 0.5000000000000001
2.66 1.3938400925015655e-06 0.37052092363810085 0.3705209236381007 0.0 0.0 -0.12918239638994625 -0.12918239638994622 0.5000000000001901 0.5000000000001901 0.4999999999999999 0.4999999999999999
2.67 78.83178977493371 3.0507937184469943e-41 4.7346773192404054e-14 -109.88248646036548 -78.7144551033674 0.0 -9.376649155292798e-11 0.0 0.999994293024312 1.0 1.0
2.68 78.83178977493371 9.883659826395743e-44 4.736249751236446e-14 -109.88248645392619 -78.71445509959264 0.0 -9.376649155292798e-11 0.0 0.999994293024312 0.9999999999999999 0.9999999999999999
2.69 78.83178977493371 9.827406509100776e-41 4.737829327644545e-14 -109.88248645614664 -78.7144551033674 0.0 -9.376649155292798e-11 0.0 0.999994293024312 1.0 1.0
2.7 78.83178977493371 5.542007770103535e-42 4.73937866325432e-14 -109.88248646813705 -78.71445511602394 0.0 -9.376649155292798e-11 0.0 0.999994293024312 0.9999999999999998 0.9999999999999998
2.71 78.83178977493371 2.1247619640994855e-41 4.7409650422525264e-14 -109.88248645392619 -78.71445510314535 0.0 -9.376649155292798e-11 0.0 0.999994293024312 0.9999999999999999 0.9999999999999999
2.72 78.83178977493371 8.524502136688529e-42 4.742532982632376e-14 -109.88248646502842 -78.71445510314535 0.0 -9.376649155292798e-11 0.0 0.999994293024312 0.9999999999999999 0.9999999999999999
2.73 78.83178977493371 2.979184513538443e-41 4.744113414210869e-14 -109.88248646125366 -78.71445511224918 0.0 -9.376649155292798e-11 0.0 0.999994293024312 1.0 1.0
2.74 78.83178977493371 8.819778549492193e-42 4.745689608968437e-14 -109.88248645659073 -78.7144551033674 0.0 -9.376649155292798e-11 0.0 0.999994293024312 1.0000000000000002 1.0000000000000002
2.75 78.83178977493371 4.26191748685992e-41 4.7472573059151595e-14 -109.88248644992939 -78.71445509337539 0.0 -9.376649155292798e-11 0.0 0.999994293024312 1.0000000000000002 1.0000000000000002
2.7600000000000002 78.83178977493371 9.53568391663836e-40 4.74884468071489e-14 -109.88248643571853 -78.71445510003673 0.0 -9.376649155292798e-11 0.0 0.999994293024312 1.0 1.0
2.77 78.83178977493371 4.617567568980503e-41 4.7504135879025277e-14 -109.88248645192779 -78.71445510647602 0.0 -9.376649155292798e-11 0.0 0.999994293024312 0.9999999999999997 0.9999999999999997
2.7800000000000002 78.83178977493371 7.447485288451269e-41 4.7520056320574453e-14 -109.88248646169775 -78.71445510758625 0.0 -9.376649155292798e-11 0.0 0.999994293024312 1.0000000000000002 1.0000000000000002
2.79 78.83178977493371 3.2399683497917382e-40 4.753576072551484e-14 -109.88248646414024 -78.71445510092491 0.0 -9.376649155292798e-11 0.0 0.999994293024312 1.0 1.0
2.8000000000000003 78.83178977493371 9.429064914831417e-45 4.755156849570102e-14 -109.88248645881117 -78.71445510914056 0.0 -9.376649155292798e-11 0.0 0.999994293024312 1.0 1.0
2.81 78.83178977493371 1.0360882644694977e-42 4.756732237855802e-14 -109.88248645214983 -78.71445510425558 0.0 -9.376649155292798e-11 0.0 0.999994293024312 1.0 1.0
2.82 78.83178977493371 9.38925994848188e-42 4.7583266466880015e-14 -109.88248644926325 -78.71445510425558 0.0 -9.376649155292798e-11 0.0 0.999994293024312 1.0 1.0
2.83 78.83178977493371 4.125691391767597e-42 4.759909152022503e-14 -109.88248645636868 -78.71445510580989 0.0 -9.376649155292798e-11 0.0 0.999994293024312 1.0 1.0
2.84 78.83178977493371 3.8455890925878914e-42 4.761489966195981e-14 -109.88248646347411 -78.71445511957666 0.0 -9.376649155292798e-11 0.0 0.999994293024312 1.0000000000000002 1.0000000000000002
2.85 78.83178977493371 1.0655739479105875e-40 4.7630698614145477e-14 -109.88248647102363 -78.71445512201915 0.0 -9.376649155292798e-11 0.0 0.999994293024312 1.0 1.0
2.86 78.83178977493371 2.141589572086356e-42 4.764654332102873e-14 -109.88248646325206 -78.7144551073642 0.0 -9.376649155292798e-11 0.0 0.999994293024312 1.0 1.0
2.87 78.83178977493371 1.1176112352081983e-41 4.7662395678440094e-14 -109.88248646369615 -78.71445511091692 0.0 -9.376649155292798e-11 0.0 0.999994293024312 1.0 1.0
2.88 78.83178977493371 8.78692044588116e-43 4.767828815233299e-14 -109.88248642683675 -78.71445509359744 0.0 -9.376649155292798e-11 0.0 0.999994293024312 1.0 1.0
2.89 78.83178977493371 2.8367729688170917e-43 4.7694067019904794e-14 -109.88248645703482 -78.71445510247922 0.0 -9.376649155292798e-11 0.0 0.999994293024312 0.9999999999999999 0.9999999999999999
2.9 78.83178977493371 5.987149081873686e-40 4.7710048730396187e-14 -109.88248645636868 -78.71445510558785 0.0 -9.376649155292798e-11 0.0 0.999994293024312 1.0 1.0
2.91 78.83178977493371 4.7411927642481615e-40 4.772591638519841e-14 -109.8824864554805 -78.71445510558785 0.0 -9.376649155292798e-11 0.0 0.999994293024312 0.9999999999999999 0.9999999999999999
2.92 78.83178977493371 8.409691126888491e-42 4.7741926957585676e-14 -109.88248644682076 -78.71445510980669 0.0 -9.376649155292798e-11 0.0 0.999994293024312 1.0000000000000002 1.0000000000000002
2.93 78.83178977493371 5.906307996379575e-41 4.7757734547052616e-14 -109.88248645614664 -78.71445510580989 0.0 -9.376649155292798e-11 0.0 0.999994293024312 1.0 1.0
2.94 78.83178977493371 1.7287078010162585e-40 4.7773645425338453e-14 -109.88248645659073 -78.71445509759424 0.0 -9.376649155292798e-11 0.0 0.999994293024312 1.0 1.0
2.95 78.83178977493371 5.7108574147161847e-42 4.7789557568665714e-14 -109.88248645503641 -78.71445510625398 0.0 -9.376649155292798e-11 0.0 0.999994293024312 1.0 1.0
2.96 78.83178977493371 5.897530582087867e-44 4.780550689502167e-14 -109.88248645326006 -78.71445510603193 0.0 -9.376649155292798e-11 0.0 0.999994293024312 0.9999999999999998 0.9999999999999998
2.97 78.83178977493371 6.008361911804375e-42 4.782133181737222e-14 -109.88248647413225 -78.71445511402554 0.0 -9.376649155292798e-11 0.0 0.999994293024312 1.0 1.0
2.98 78.83178977493371 1.0149134110724074e-40 4.783734617584852e-14 -109.88248646636069 -78.7144551093626 0.0 -9.376649155292798e-11 0.0 0.999994293024312 1.0 1.0
2.99 78.83178977493371 5.3116533675943746e-42 4.7853311394692345e-14 -109.88248645037348 -78.71445511358145 0.0 -9.376649155292798e-11 0.0 0.999994293024312 1.0 1.0
3.0 78.83178977493371 6.971967689818353e-43 4.786922147190116e-14 -109.88248645570255 -78.71445510159104 0.0 -9.376649155292798e-11 0.0 0.999994293024312 0.9999999999999999 0.9999999999999999
3.0100000000000002 78.83178977493371 8.367243416821816e-44 4.788521844674074e-14 -109.88248646147571 -78.71445511202714 0.0 -9.376649155292798e-11 0.0 0.999994293024312 1.0 1.0
3.02 78.83178977493371 6.896973183014068e-41 4.790119146651741e-14 -109.88248645681277 -78.71445510625398 0.0 -9.376649155292798e-11 0.0 0.999994293024312 0.9999999999999999 0.9999999999999999
3.0300000000000002 78.83178977493371 9.775860106394475e-40 4.791710726494575e-14 -109.88248645370415 -78.71445508738019 0.0 -9.376649155292798e-11 0.0 0.999994293024312 0.9999999999999999 0.9999999999999999
3.04 78.83178977493371 5.849304254205142e-42 4.7933216764379704e-14 -109.88248645659073 -78.71445510070286 0.0 -9.376649155292798e-11 0.0 0.999994293024312 1.0 1.0
3.0500000000000003 78.83178977493371 2.7033027075707858e-40 4.7949202677188934e-14 -109.88248645659073 -78.71445510558785 0.0 -9.376649155292798e-11 0.0 0.999994293024312 0.9999999999999999 0.9999999999999999
3.06 78.83178977493371 1.5549267602770661e-43 4.796506127571355e-14 -109.88248647035749 -78.71445511557985 0.0 -9.376649155292798e-11 0.0 0.999994293024312 0.9999999999999999 0.9999999999999999
3.0700000000000003 78.83178977493371 4.477754390497541e-42 4.7981199263854226e-14 -109.8824864534821 -78.7144551093626 0.0 -9.376649155292798e-11 0.0 0.999994293024312 1.0 1.0
3.08 78.83178977493371 4.891481142425261e-40 4.79972795119628e-14 -109.88248646480638 -78.71445511069487 0.0 -9.376649155292798e-11 0.0 0.999994293024312 1.0 1.0
3.09 78.83178977493371 7.168504538384777e-43 4.801319859830524e-14 -109.88248646258593 -78.71445511624599 0.0 -9.376649155292798e-11 0.0 0.999994293024312 1.0000000000000002 1.0000000000000002
3.1 78.83178977493371 4.4448676740626845e-39 4.8029337429218756e-14 -109.88248645259392 -78.71445509648402 0.0 -9.376649155292798e-11 0.0 0.999994293024312 1.0 1.0
3.11 78.83178977493371 2.93954490811541e-40 4.8045341226674537e-14 -109.882486457923 -78.71445510780829 0.0 -9.376649155292798e-11 0.0 0.999994293024312 1.0000000000000002 1.0000000000000002
3.12 78.83178977493371 1.13216324734926e-40 4.806143360409235e-14 -109.88248645814504 -78.71445510625398 0.0 -9.376649155292798e-11 0.0 0.999994293024312 1.0 1.0
3.13 78.83178977493371 3.435080842378954e-40 4.807740086925421e-14 -109.88248645703482 -78.71445511069487 0.0 -9.376649155292798e-11 0.0 0.999994293024312 1.0000000000000002 1.0000000000000002
3.14 78.83178977493371 1.874302741032528e-40 4.809359688073933e-14 -109.88248645037348 -78.71445509826037 0.0 -9.376649155292798e-11 0.0 0.999994293024312 0.9999999999999999 0.9999999999999999
3.15 78.83178977493371 2.0643029946820334e-40 4.8109641271202394e-14 -109.882486457923 -78.71445511224918 0.0 -9.376649155292798e-11 0.0 0.999994293024312 1.0000000000000002 1.0000000000000002
3.16 78.83178977493371 4.554429748502651e-45 4.81257273774728e-14 -109.88248645858913 -78.71445510492171 0.0 -9.376649155292798e-11 0.0 0.999994293024312 0.9999999999999999 0.9999999999999999
3.17 78.83178977493371 3.6500224537129876e-43 4.8141786185213955e-14 -109.88248646014344 -78.71445511202714 0.0 -9.376649155292798e-11 0.0 0.999994293024312 0.9999999999999998 0.9999999999999998
3.18 78.83178977493371 8.737506924433839e-43 4.815788365574175e-14 -109.88248646480638 -78.71445511202714 0.0 -9.376649155292798e-11 0.0 0.999994293024312 0.9999999999999999 0.9999999999999999
3.19 78.83178977493371 6.132957022943491e-41 4.81740375174198e-14 -109.8824864594773 -78.71445511224918 0.0 -9.376649155292798e-11 0.0 0.999994293024312 1.0 1.0
3.2 78.83178977493371 3.875023939307592e-42 4.819012536541121e-14 -109.88248645881117 -78.71445510958465 0.0 -9.376649155292798e-11 0.0 0.999994293024312 1.0 1.0
3.21 78.83178977493371 2.5234304323711614e-41 4.82062874369447e-14 -109.88248645570255 -78.71445510692011 0.0 -9.376649155292798e-11 0.0 0.999994293024312 1.0000000000000004 1.0000000000000004
3.22 78.83178977493371 8.786958342145892e-42 4.8222345847236185e-14 -109.88248646325206 -78.71445511269327 0.0 -9.376649155292798e-11 0.0 0.999994293024312 1.0 1.0
3.23 78.83178977493371 7.354227378465148e-40 4.82386008673875e-14 -109.88248646125366 -78.71445510625398 0.0 -9.376649155292798e-11 0.0 0.999994293024312 1.0000000000000002 1.0000000000000002
3.24 78.83178977493371 1.393982802250603e-41 4.825470435426842e-14 -109.8824864534821 -78.71445509337539 0.0 -9.376649155292798e-11 0.0 0.999994293024312 0.9999999999999999 0.9999999999999999
3.25 78.83178977493371 7.627022855127772e-41 4.827093085709973e-14 -109.88248645414824 -78.71445510469967 0.0 -9.376649155292798e-11 0.0 0.999994293024312 1.0000000000000004 1.0000000000000004
3.2600000000000002 78.83178977493371 3.5453265336632887e-43 4.828707134135338e-14 -109.88248645903322 -78.71445510580989 0.0 -9.376649155292798e-11 0.0 0.999994293024312 1.0000000000000002 1.0000000000000002
3.27 78.83178977493371 3.5334671032932053e-40 4.830324526755652e-14 -109.88248644970734 -78.71445511091692 0.0 -9.376649155292798e-11 0.0 0.999994293024312 1.0 1.0
3.2800000000000002 78.83178977493371 4.396866916471388e-41 4.83193995327002e-14 -109.8824864594773 -78.71445511069487 0.0 -9.376649155292798e-11 0.0 0.999994293024312 1.0 1.0
3.29 78.83178977493371 9.832034121977623e-43 4.8335581344898526e-14 -109.88248646014344 -78.71445510580989 0.0 -9.376649155292798e-11 0.0 0.999994293024312 1.0000000000000002 1.0000000000000002
3.3000000000000003 78.83178977493371 9.498106822594751e-42 4.835180441179198e-14 -109.88248645481437 -78.71445510292331 0.0 -9.376649155292798e-11 0.0 0.999994293024312 1.0 1.0
3.31 78.83178977493371 3.122172496352529e-41 4.83680394883124e-14 -109.88248645858913 -78.7144551073642 0.0 -9.376649155292798e-11 0.0 0.999994293024312 1.0 1.0
3.3200000000000003 78.83178977493371 3.901463600978661e-41 4.838425719309299e-14 -109.88248645525846 -78.71445510558785 0.0 -9.376649155292798e-11 0.0 0.999994293024312 0.9999999999999998 0.9999999999999998
3.33 78.83178977493371 4.303875276469516e-43 4.84004783789362e-14 -109.88248646058753 -78.71445511113896 0.0 -9.376649155292798e-11 0.0 0.999994293024312 0.9999999999999999 0.9999999999999999
3.34 78.83178977493371 1.2243916619572623e-41 4.841659929475989e-14 -109.88248645614664 -78.71445510603193 0.0 -9.376649155292798e-11 0.0 0.999994293024312 0.9999999999999997 0.9999999999999997
3.35 78.83178977493371 1.9649311473477724e-39 4.8432947129935124e-14 -109.88248646280798 -78.7144551073642 0.0 -9.376649155292798e-11 0.0 0.999994293024312 1.0 1.0
3.36 78.83178977493371 1.1755624539277196e-40 4.8449182465680427e-14 -109.8824864554805 -78.71445510381149 0.0 -9.376649155292798e-11 0.0 0.999994293024312 1.0 1.0
3.37 78.83178977493371 3.6061280234262563e-40 4.846547617470232e-14 -109.88248645925526 -78.71445510780829 0.0 -9.376649155292798e-11 0.0 0.999994293024312 1.0 1.0
3.38 78.83178977493371 1.567946610135018e-42 4.848163537266058e-14 -109.88248645437028 -78.71445510025877 0.0 -9.376649155292798e-11 0.0 0.999994293024312 1.0 1.0
3.39 78.83178977493371 1.1806181293557951e-41 4.849800227919789e-14 -109.88248645392619 -78.71445510270127 0.0 -9.376649155292798e-11 0.0 0.999994293024312 1.0 1.0
3.4 78.83178977493371 3.882065962317914e-43 4.851427492970068e-14 -109.88248645836708 -78.71445510780829 0.0 -9.376649155292798e-11 0.0 0.999994293024312 0.9999999999999999 0.9999999999999999
3.41 78.83178977493371 2.2118143071890626e-40 4.8530581995059596e-14 -109.88248644637667 -78.71445510514376 0.0 -9.376649155292798e-11 0.0 0.999994293024312 0.9999999999999999 0.9999999999999999
3.42 78.83178977493371 6.768866160605396e-40 4.8546910512692876e-14 -109.882486457923 -78.71445510603193 0.0 -9.376649155292798e-11 0.0 0.999994293024312 1.0 1.0
3.43 78.83178977493371 3.3804540928652757e-43 4.856327442737017e-14 -109.88248645903322 -78.71445510403353 0.0 -9.376649155292798e-11 0.0 0.999994293024312 0.9999999999999999 0.9999999999999999
3.44 78.83178977493371 4.843567170985673e-40 4.857955013148977e-14 -109.88248644926325 -78.71445509914855 0.0 -9.376649155292798e-11 0.0 0.999994293024312 1.0000000000000002 1.0000000000000002
3.45 78.83178977493371 7.915839084562659e-41 4.85958817461557e-14 -109.88248645592459 -78.71445510603193 0.0 -9.376649155292798e-11 0.0 0.999994293024312 1.0 1.0
3.46 78.83178977493371 1.1516080061840993e-40 4.861216494002508e-14 -109.88248644770894 -78.71445509670606 0.0 -9.376649155292798e-11 0.0 0.999994293024312 1.0 1.0
3.47 78.83178977493371 2.0377357418023802e-42 4.862848606578602e-14 -109.88248645725686 -78.71445510669807 0.0 -9.376649155292798e-11 0.0 0.999994293024312 1.0000000000000002 1.0000000000000002
3.48 78.83178977493371 7.970607225506175e-40 4.864486341720996e-14 -109.8824864599214 -78.71445510247922 0.0 -9.376649155292798e-11 0.0 0.999994293024312 1.0 1.0
3.49 78.83178977493371 1.6631662087211353e-41 4.866116618457806e-14 -109.88248644904121 -78.71445511002874 0.0 -9.376649155292798e-11 0.0 0.999994293024312 1.0 1.0
