# U  mu  Z_1 Z_2 lamda_1 lamda_2 h_1 h_2 n_f_1 n_f_2 n_s_1 n_s_2 
0.0 3.45264492255132e-06 0.9999999600000016 0.9999999600000016 0.0 0.0 -0.2121973971986191 -0.21219739719861913 0.4999999999522139 0.4999999999522139 0.5000000000000003 0.5000000000000003
0.01 3.452630378833534e-06 0.9999868469241631 0.9999868469241631 0.0 0.0 -0.2121973971986191 -0.21219739719861913 0.4999999999522139 0.4999999999522139 0.4999999999999998 0.4999999999999997
0.02 3.4525870539353058e-06 0.9999477978843858 0.999947797884386 0.0 0.0 -0.2121973971986191 -0.21219739719861913 0.4999999999522139 0.4999999999522139 0.49999999999999956 0.4999999999999996
0.03 3.4525153781137007e-06 0.9998832419249224 0.9998832419249222 0.0 0.0 -0.2121973971986191 -0.21219739719861913 0.4999999999522139 0.4999999999522139 0.4999999999999998 0.4999999999999998
0.04 3.452415744218554e-06 0.9997935891691618 0.9997935891691618 0.0 0.0 -0.2121918714137971 -0.21219187141379714 0.49999999996862116 0.49999999996862116 0.4999999999999999 0.49999999999999994
0.05 3.4522885132562187e-06 0.9996792290256055 0.9996792290256057 0.0 0.0 -0.21217895633318856 -0.21217895633318856 0.49999999998643585 0.49999999998643585 0.5 0.4999999999999998
0.06 3.452134008739093e-06 0.9995405609326474 0.9995405609326474 0.0 0.0 -0.21216501611418875 -0.21216501611418875 0.49999999999409606 0.49999999999409606 0.4999999999999998 0.49999999999999967
0.07 3.4519525134587803e-06 0.9993779501173669 0.9993779501173669 0.0 0.0 -0.21214691386099058 -0.2121469138609906 0.49999999999786443 0.49999999999786443 0.4999999999999999 0.4999999999999999
0.08 3.451744296381888e-06 0.9991917776912743 0.9991917776912743 0.0 0.0 -0.21212773252367917 -0.21212773252367917 0.49999999999916933 0.49999999999916933 0.4999999999999999 0.49999999999999983
0.09 3.4515095788030996e-06 0.9989823874812143 0.9989823874812143 0.0 0.0 -0.21210543582005295 -0.21210543582005298 0.4999999999996402 0.4999999999996402 0.4999999999999998 0.4999999999999997
0.1 3.4512485615137725e-06 0.9987501252055925 0.9987501252055923 0.0 0.0 -0.21208042685322764 -0.21208042685322764 0.4999999999997913 0.4999999999997913 0.4999999999999999 0.4999999999999999
0.11 3.4509614333635138e-06 0.9984953407331778 0.9984953407331778 0.0 0.0 -0.2120539537871238 -0.2120539537871238 0.49999999999982125 0.49999999999982125 0.4999999999999999 0.4999999999999999
0.12 3.4506483221377273e-06 0.9982183367439751 0.9982183367439751 0.0 0.0 -0.21202424688982036 -0.21202424688982036 0.4999999999998242 0.4999999999998242 0.4999999999999996 0.4999999999999997
0.13 3.450309356394848e-06 0.9979194338581238 0.9979194338581238 0.0 0.0 -0.21199195787517702 -0.21199195787517702 0.499999999999826 0.499999999999826 0.4999999999999999 0.49999999999999983
0.14 3.449944663156592e-06 0.9975989620869058 0.9975989620869058 0.0 0.0 -0.21195832044412205 -0.21195832044412205 0.49999999999981526 0.49999999999981526 0.49999999999999983 0.4999999999999999
0.15 3.449554312508736e-06 0.9972572083176484 0.9972572083176482 0.0 0.0 -0.21192262724068325 -0.21192262724068325 0.49999999999979494 0.49999999999979494 0.4999999999999997 0.49999999999999967
0.16 3.4491383269617166e-06 0.9968944261778195 0.9968944261778198 0.0 0.0 -0.21188361130045444 -0.21188361130045444 0.4999999999997882 0.4999999999997882 0.4999999999999999 0.49999999999999994
0.17 3.4486967987617564e-06 0.9965109442099659 0.9965109442099659 0.0 0.0 -0.21184321778705306 -0.21184321778705306 0.49999999999977507 0.49999999999977507 0.49999999999999983 0.5
0.18 3.448229690597052e-06 0.9961069792877245 0.9961069792877245 0.0 0.0 -0.21179970528827471 -0.21179970528827471 0.4999999999997743 0.4999999999997743 0.49999999999999967 0.4999999999999998
0.19 3.447737071321571e-06 0.9956828529975846 0.9956828529975844 0.0 0.0 -0.2117549093463372 -0.2117549093463372 0.49999999999976363 0.49999999999976363 0.4999999999999998 0.4999999999999999
0.2 3.447218852903848e-06 0.995238752522101 0.995238752522101 0.0 0.0 -0.21170707254601634 -0.21170707254601634 0.4999999999997659 0.4999999999997659 0.4999999999999999 0.4999999999999998
0.21 3.4466750864700885e-06 0.9947749952600351 0.9947749952600351 0.0 0.0 -0.21165799758961937 -0.21165799758961937 0.49999999999975686 0.49999999999975686 0.49999999999999983 0.49999999999999983
0.22 3.4461056979604207e-06 0.9942917921825222 0.9942917921825222 0.0 0.0 -0.21160698371536033 -0.21160698371536033 0.4999999999997396 0.4999999999997396 0.4999999999999999 0.4999999999999998
0.23 3.4455105546083452e-06 0.9937893087206725 0.9937893087206725 0.0 0.0 -0.2115528622407235 -0.2115528622407235 0.49999999999974337 0.49999999999974337 0.4999999999999998 0.49999999999999983
0.24 3.4448896993540067e-06 0.9932678671453542 0.993267867145354 0.0 0.0 -0.21149757029633592 -0.21149757029633592 0.4999999999997352 0.4999999999997352 0.4999999999999999 0.4999999999999999
0.25 3.4442430062095284e-06 0.9927276458918923 0.9927276458918921 0.0 0.0 -0.2114403920453526 -0.2114403920453526 0.4999999999997192 0.4999999999997192 0.4999999999999999 0.49999999999999994
0.26 3.4435703710292516e-06 0.9921688459258217 0.9921688459258219 0.0 0.0 -0.21138123610899823 -0.21138123610899823 0.4999999999997008 0.4999999999997008 0.4999999999999999 0.4999999999999999
0.27 3.4428715887429647e-06 0.9915915847907084 0.9915915847907082 0.0 0.0 -0.2113190138650682 -0.2113190138650682 0.49999999999970923 0.49999999999970923 0.4999999999999998 0.4999999999999999
0.28 3.4421467074197156e-06 0.990996196711377 0.990996196711377 0.0 0.0 -0.2112557384529906 -0.2112557384529906 0.49999999999970285 0.49999999999970285 0.5 0.4999999999999999
0.29 3.4413955366013524e-06 0.9903828148595144 0.9903828148595144 0.0 0.0 -0.21119064680466113 -0.2111906468046611 0.4999999999996882 0.4999999999996882 0.4999999999999998 0.49999999999999994
0.3 3.4406179292958977e-06 0.9897516101693028 0.9897516101693028 0.0 0.0 -0.21112364902427072 -0.21112364902427072 0.49999999999967143 0.49999999999967143 0.49999999999999967 0.4999999999999999
0.31 3.4398136099124106e-06 0.9891026489858521 0.9891026489858521 0.0 0.0 -0.2110536547797195 -0.21105365477971952 0.49999999999968425 0.49999999999968425 0.4999999999999999 0.4999999999999997
0.32 3.438982649024765e-06 0.9884362821894027 0.9884362821894029 0.0 0.0 -0.2109826953578675 -0.2109826953578675 0.4999999999996796 0.4999999999996796 0.4999999999999999 0.4999999999999998
0.33 3.4381247981595875e-06 0.9877525974751086 0.9877525974751086 0.0 0.0 -0.210909975635862 -0.210909975635862 0.4999999999996663 0.4999999999996663 0.5 0.4999999999999999
0.34 3.4372398761884476e-06 0.9870517378497616 0.9870517378497612 0.0 0.0 -0.2108354093127685 -0.2108354093127685 0.4999999999996512 0.4999999999996512 0.4999999999999998 0.5
0.35000000000000003 3.4363275444328216e-06 0.9863337197498974 0.9863337197498974 0.0 0.0 -0.21075791909003383 -0.21075791909003383 0.49999999999966793 0.49999999999966793 0.4999999999999998 0.4999999999999999
0.36 3.43538791010083e-06 0.9855989145143521 0.9855989145143519 0.0 0.0 -0.21067952464014356 -0.21067952464014356 0.4999999999996645 0.4999999999996645 0.49999999999999994 0.4999999999999999
0.37 3.434420672103565e-06 0.9848473646704354 0.9848473646704357 0.0 0.0 -0.2105994133106666 -0.2105994133106666 0.4999999999996527 0.4999999999996527 0.4999999999999999 0.49999999999999983
0.38 3.4334256238534716e-06 0.9840791872677 0.9840791872677 0.0 0.0 -0.2105175038245929 -0.2105175038245929 0.49999999999963923 0.49999999999963923 0.49999999999999967 0.4999999999999997
0.39 3.432402566994639e-06 0.9832945030468246 0.9832945030468246 0.0 0.0 -0.21043379672192286 -0.21043379672192286 0.4999999999996256 0.4999999999996256 0.49999999999999983 0.49999999999999967
0.4 3.431351087538522e-06 0.9824932648230962 0.9824932648230962 0.0 0.0 -0.210347222703798 -0.210347222703798 0.49999999999964656 0.49999999999964656 0.49999999999999983 0.4999999999999999
0.41000000000000003 3.4302713659343373e-06 0.9816758810427092 0.9816758810427092 0.0 0.0 -0.21025981388042558 -0.21025981388042558 0.4999999999996446 0.4999999999996446 0.5 0.4999999999999999
0.42 3.4291630387968184e-06 0.9808423360162939 0.9808423360162939 0.0 0.0 -0.21017073208168494 -0.21017073208168494 0.49999999999963435 0.49999999999963435 0.49999999999999967 0.4999999999999997
0.43 3.4280258779960686e-06 0.9799927162410867 0.9799927162410867 0.0 0.0 -0.21007989900480753 -0.21007989900480753 0.49999999999962247 0.49999999999962247 0.5 0.4999999999999998
0.44 3.42685966801187e-06 0.9791271143261802 0.9791271143261802 0.0 0.0 -0.20998731361398681 -0.20998731361398684 0.4999999999996106 0.4999999999996106 0.4999999999999999 0.49999999999999967
0.45 3.425664193078699e-06 0.9782456187619016 0.9782456187619016 0.0 0.0 -0.20989298225780006 -0.20989298225780006 0.4999999999995986 0.4999999999995986 0.4999999999999999 0.4999999999999998
0.46 3.4244389491922976e-06 0.977348101512975 0.977348101512975 0.0 0.0 -0.20979582385049628 -0.20979582385049628 0.49999999999962413 0.49999999999962413 0.49999999999999967 0.4999999999999997
0.47000000000000003 3.42318424427209e-06 0.9764350303621412 0.9764350303621412 0.0 0.0 -0.2096978966634907 -0.2096978966634907 0.4999999999996238 0.4999999999996238 0.4999999999999999 0.49999999999999983
0.48 3.4218996418814133e-06 0.9755063169205002 0.9755063169204999 0.0 0.0 -0.20959833176378467 -0.20959833176378467 0.49999999999961503 0.49999999999961503 0.4999999999999998 0.4999999999999996
0.49 3.4205849010513383e-06 0.9745620134259539 0.9745620134259539 0.0 0.0 -0.20949705233686378 -0.20949705233686378 0.499999999999605 0.499999999999605 0.4999999999999999 0.49999999999999994
0.5 3.4192397993496856e-06 0.9736021812722288 0.973602181272229 0.0 0.0 -0.20939405506202077 -0.20939405506202077 0.49999999999959494 0.49999999999959494 0.5 0.4999999999999999
0.51 3.417864117592895e-06 0.9726268782872516 0.9726268782872516 0.0 0.0 -0.20928934298737284 -0.20928934298737287 0.49999999999958494 0.49999999999958494 0.5 0.4999999999999999
0.52 3.4164572656174723e-06 0.9716358953195106 0.9716358953195108 0.0 0.0 -0.20918183452244407 -0.20918183452244407 0.49999999999961386 0.49999999999961386 0.4999999999999998 0.4999999999999997
0.53 3.4150197120147425e-06 0.9706297679900883 0.9706297679900883 0.0 0.0 -0.20907358954815874 -0.20907358954815874 0.4999999999996147 0.4999999999996147 0.49999999999999994 0.49999999999999983
0.54 3.413550952532098e-06 0.9696083341070567 0.9696083341070569 0.0 0.0 -0.20896372071525965 -0.20896372071525965 0.4999999999996075 0.4999999999996075 0.49999999999999994 0.49999999999999983
0.55 3.412050746637747e-06 0.9685716142311549 0.9685716142311549 0.0 0.0 -0.20885215354726666 -0.20885215354726666 0.49999999999959926 0.49999999999959926 0.4999999999999997 0.4999999999999998
0.56 3.4105188801001207e-06 0.9675196408395281 0.9675196408395281 0.0 0.0 -0.20873888253368242 -0.20873888253368236 0.49999999999959116 0.49999999999959116 0.5 0.4999999999999999
0.5700000000000001 3.4089551431256073e-06 0.9664524432563133 0.9664524432563133 0.0 0.0 -0.20862390757951324 -0.20862390757951324 0.4999999999995831 0.4999999999995831 0.49999999999999967 0.49999999999999994
0.58 3.407359329573579e-06 0.9653700463580223 0.9653700463580223 0.0 0.0 -0.20850722856606754 -0.20850722856606754 0.4999999999995751 0.4999999999995751 0.4999999999999998 0.5
0.59 3.4057307480885823e-06 0.9642721400394572 0.9642721400394569 0.0 0.0 -0.20838775312120417 -0.20838775312120417 0.49999999999960726 0.49999999999960726 0.4999999999999996 0.4999999999999997
0.6 3.404070110998211e-06 0.9631593586050929 0.9631593586050929 0.0 0.0 -0.20826755969864458 -0.20826755969864455 0.4999999999996094 0.4999999999996094 0.49999999999999994 0.49999999999999983
0.61 3.40237683512297e-06 0.9620314482908571 0.9620314482908571 0.0 0.0 -0.20814573634564845 -0.20814573634564842 0.49999999999960393 0.49999999999960393 0.4999999999999997 0.4999999999999996
0.62 3.4006506993586692e-06 0.960888394575623 0.960888394575623 0.0 0.0 -0.2080222093353995 -0.2080222093353995 0.4999999999995978 0.4999999999995978 0.49999999999999994 0.49999999999999994
0.63 3.398891517203291e-06 0.9597301982876585 0.9597301982876583 0.0 0.0 -0.2078969703181105 -0.2078969703181105 0.49999999999959166 0.49999999999959166 0.49999999999999983 0.49999999999999983
0.64 3.397099110404501e-06 0.9585568574983997 0.9585568574983994 0.0 0.0 -0.2077700156152771 -0.2077700156152771 0.49999999999958583 0.49999999999958583 0.49999999999999983 0.49999999999999956
0.65 3.395273307128731e-06 0.9573683660782565 0.9573683660782565 0.0 0.0 -0.20764134143907298 -0.20764134143907298 0.49999999999958017 0.49999999999958017 0.4999999999999998 0.4999999999999996
0.66 3.3934133200257545e-06 0.9561643097131997 0.9561643097131994 0.0 0.0 -0.20750985134642663 -0.2075098513464266 0.4999999999996141 0.4999999999996141 0.49999999999999994 0.4999999999999999
0.67 3.3915201599920857e-06 0.9549454337969281 0.9549454337969279 0.0 0.0 -0.20737762844328853 -0.20737762844328853 0.4999999999996175 0.4999999999996175 0.5 0.4999999999999999
0.68 3.3895931723388724e-06 0.9537113891471963 0.9537113891471963 0.0 0.0 -0.2072437437598664 -0.2072437437598664 0.49999999999961403 0.49999999999961403 0.4999999999999998 0.4999999999999996
0.6900000000000001 3.3876321783564874e-06 0.9524621279251151 0.9524621279251149 0.0 0.0 -0.2071081244825601 -0.20710812448256014 0.4999999999996099 0.4999999999996099 0.4999999999999998 0.4999999999999999
0.7000000000000001 3.3565215561477914e-06 0.9511976207500731 0.9511976207500729 0.0 0.0 -0.20697075917990645 -0.20697075917990648 0.5000000012404049 0.5000000012404049 0.49999999999999983 0.49999999999999994
0.71 3.354138024954226e-06 0.9499178359814197 0.9499178359814194 0.0 0.0 -0.20683164103843524 -0.20683164103843524 0.5000000000796367 0.5000000000796367 0.49999999999999967 0.4999999999999998
0.72 3.3517113809734075e-06 0.9486227376545032 0.9486227376545032 0.0 0.0 -0.20669076243907436 -0.20669076243907436 0.5000000000046424 0.5000000000046424 0.49999999999999967 0.4999999999999996
0.73 3.349241460880981e-06 0.9473122857008979 0.9473122857008974 0.0 0.0 -0.2065481154681228 -0.2065481154681228 0.49999999999979017 0.49999999999979017 0.4999999999999999 0.5
0.74 3.3467270084848986e-06 0.9459859333724248 0.9459859333724245 0.0 0.0 -0.20640258594769947 -0.20640258594769947 0.49999999999951833 0.49999999999951833 0.4999999999999998 0.4999999999999997
0.75 3.344169507321071e-06 0.9446445822378994 0.9446445822378994 0.0 0.0 -0.20625628493528614 -0.20625628493528614 0.49999999999950245 0.49999999999950245 0.4999999999999996 0.4999999999999997
0.76 3.3415678675570295e-06 0.9432877624559871 0.9432877624559873 0.0 0.0 -0.20610825687567852 -0.20610825687567852 0.4999999999994955 0.4999999999994955 0.49999999999999994 0.4999999999999999
0.77 3.338921734885895e-06 0.9419153883599636 0.9419153883599636 0.0 0.0 -0.20595842794947083 -0.20595842794947083 0.4999999999994889 0.4999999999994889 0.4999999999999999 0.5
0.78 3.3362308114028366e-06 0.9405273969270973 0.9405273969270975 0.0 0.0 -0.20580678327893373 -0.20580678327893376 0.4999999999994823 0.4999999999994823 0.4999999999999997 0.49999999999999967
0.79 3.33349480963357e-06 0.9391237227970669 0.9391237227970669 0.0 0.0 -0.20565331147318616 -0.20565331147318616 0.499999999999476 0.499999999999476 0.49999999999999994 0.49999999999999994
0.8 3.3307134491314774e-06 0.937704296530893 0.9377042965308934 0.0 0.0 -0.20549800087315723 -0.20549800087315723 0.49999999999946987 0.49999999999946987 0.49999999999999983 0.5
0.81 3.3278852954025694e-06 0.936268453866872 0.9362684538668717 0.0 0.0 -0.20533973715090548 -0.2053397371509055 0.49999999999951383 0.49999999999951383 0.4999999999999999 0.49999999999999994
0.8200000000000001 3.3250122831213495e-06 0.934817237563429 0.934817237563429 0.0 0.0 -0.20518062591783162 -0.20518062591783162 0.49999999999951705 0.49999999999951705 0.49999999999999983 0.4999999999999999
0.8300000000000001 3.322093185853923e-06 0.9333500687796222 0.9333500687796225 0.0 0.0 -0.20501970124844032 -0.20501970124844032 0.499999999999513 0.499999999999513 0.4999999999999999 0.49999999999999994
0.84 3.3191276960944855e-06 0.9318668291718558 0.9318668291718558 0.0 0.0 -0.2048568894757123 -0.2048568894757123 0.4999999999995083 0.4999999999995083 0.49999999999999994 0.49999999999999983
0.85 3.316115574695849e-06 0.9303674259380301 0.9303674259380299 0.0 0.0 -0.2046921723988247 -0.20469217239882467 0.49999999999950373 0.49999999999950373 0.4999999999999999 0.5
0.86 3.313056598442483e-06 0.9288517638704433 0.9288517638704433 0.0 0.0 -0.20452553477419674 -0.20452553477419674 0.49999999999949946 0.49999999999949946 0.4999999999999998 0.49999999999999967
0.87 3.309950556059042e-06 0.927319743525461 0.927319743525461 0.0 0.0 -0.20435696100022066 -0.2043569610002207 0.49999999999949546 0.49999999999949546 0.4999999999999999 0.4999999999999997
0.88 3.3067972502827674e-06 0.9257712610729001 0.9257712610729001 0.0 0.0 -0.2041864349003701 -0.2041864349003701 0.4999999999994917 0.4999999999994917 0.5000000000000001 0.49999999999999983
0.89 3.3035950399956884e-06 0.9242054955780149 0.9242054955780151 0.0 0.0 -0.20401282281659006 -0.20401282281659006 0.4999999999995361 0.4999999999995361 0.49999999999999967 0.4999999999999997
0.9 3.300346522035669e-06 0.922623690425361 0.922623690425361 0.0 0.0 -0.20383825804886738 -0.20383825804886735 0.4999999999995407 0.4999999999995407 0.4999999999999998 0.4999999999999998
0.91 3.2970503122269446e-06 0.9210251228708344 0.9210251228708346 0.0 0.0 -0.20366174956199043 -0.20366174956199043 0.4999999999995388 0.4999999999995388 0.4999999999999998 0.49999999999999983
0.92 3.2937062010188756e-06 0.9194096345602705 0.9194096345602703 0.0 0.0 -0.20348322129065555 -0.20348322129065555 0.4999999999995367 0.4999999999995367 0.4999999999999999 0.49999999999999994
0.93 3.2903140666207054e-06 0.917777096812491 0.917777096812491 0.0 0.0 -0.2033026505644436 -0.20330265056444358 0.4999999999995348 0.4999999999995348 0.4999999999999999 0.49999999999999994
0.9400000000000001 3.2868738116646627e-06 0.9161273783476874 0.9161273783476876 0.0 0.0 -0.2031200172712183 -0.2031200172712183 0.4999999999995332 0.4999999999995332 0.4999999999999999 0.4999999999999999
0.9500000000000001 3.2833853596409415e-06 0.9144603432770674 0.9144603432770672 0.0 0.0 -0.20293530083252068 -0.20293530083252068 0.49999999999953215 0.49999999999953215 0.49999999999999994 0.49999999999999994
0.96 3.2798469278284884e-06 0.9127750269130176 0.9127750269130176 0.0 0.0 -0.20274736083177175 -0.20274736083177175 0.4999999999995753 0.4999999999995753 0.49999999999999994 0.49999999999999994
0.97 3.2762617776069034e-06 0.9110728552575494 0.9110728552575494 0.0 0.0 -0.20255833385315417 -0.20255833385315417 0.4999999999995814 0.4999999999995814 0.4999999999999999 0.4999999999999999
0.98 3.2726284287001096e-06 0.9093529716912467 0.909352971691247 0.0 0.0 -0.2023672154126315 -0.2023672154126315 0.499999999999582 0.499999999999582 0.4999999999999996 0.4999999999999997
0.99 3.2689468195312708e-06 0.9076151806276321 0.9076151806276321 0.0 0.0 -0.20217392759917702 -0.20217392759917702 0.4999999999995826 0.4999999999995826 0.5 0.4999999999999999
1.0 3.265216996852173e-06 0.9058593191339718 0.905859319133972 0.0 0.0 -0.20197844330183234 -0.20197844330183234 0.49999999999958367 0.49999999999958367 0.49999999999999994 0.5
1.01 3.2614390425840243e-06 0.9040852212392425 0.9040852212392425 0.0 0.0 -0.20178073754804904 -0.201780737548049 0.4999999999995852 0.4999999999995852 0.49999999999999994 0.5
1.02 3.2576130715346587e-06 0.9022927158127135 0.9022927158127133 0.0 0.0 -0.20158078476976 -0.20158078476976 0.49999999999958716 0.49999999999958716 0.49999999999999994 0.5
1.03 3.2537372028004575e-06 0.9004806757443301 0.9004806757443301 0.0 0.0 -0.2013774315061139 -0.2013774315061139 0.49999999999962835 0.49999999999962835 0.49999999999999983 0.49999999999999967
1.04 3.2498154994355827e-06 0.8986507352217639 0.8986507352217639 0.0 0.0 -0.20117282704212625 -0.20117282704212625 0.4999999999996364 0.4999999999996364 0.4999999999999996 0.4999999999999997
1.05 3.245846440145736e-06 0.8968018864072839 0.8968018864072839 0.0 0.0 -0.20096594905977058 -0.20096594905977058 0.49999999999964023 0.49999999999964023 0.4999999999999998 0.49999999999999994
1.06 3.2418301992151015e-06 0.8949338919186226 0.8949338919186226 0.0 0.0 -0.20075671638946502 -0.20075671638946502 0.49999999999964434 0.49999999999964434 0.49999999999999967 0.4999999999999997
1.07 3.237767084779906e-06 0.8930465501986655 0.8930465501986655 0.0 0.0 -0.20054509661460845 -0.20054509661460845 0.4999999999996491 0.4999999999996491 0.49999999999999994 0.49999999999999994
1.08 3.2336574579367365e-06 0.8911396559768933 0.8911396559768933 0.0 0.0 -0.20033105907148652 -0.20033105907148652 0.4999999999996545 0.4999999999996545 0.49999999999999967 0.4999999999999997
1.09 3.2295017300886067e-06 0.889212998005615 0.889212998005615 0.0 0.0 -0.20011457233685095 -0.20011457233685098 0.49999999999966066 0.49999999999966066 0.5 0.49999999999999994
1.1 3.22529800301204e-06 0.8872652615485068 0.8872652615485068 0.0 0.0 -0.19989446154547313 -0.19989446154547313 0.499999999999699 0.499999999999699 0.4999999999999996 0.49999999999999967
1.11 3.221051322217865e-06 0.88529832173083 0.88529832173083 0.0 0.0 -0.19967290133266705 -0.19967290133266705 0.49999999999971 0.49999999999971 0.4999999999999998 0.49999999999999994
1.12 3.2167602222119863e-06 0.8833109962938722 0.8833109962938722 0.0 0.0 -0.19944884517967698 -0.19944884517967695 0.49999999999971806 0.49999999999971806 0.5000000000000001 0.5
1.1300000000000001 3.2124252477271813e-06 0.8813029992709669 0.8813029992709669 0.0 0.0 -0.19922220688018774 -0.19922220688018774 0.4999999999997269 0.4999999999997269 0.49999999999999994 0.4999999999999999
1.1400000000000001 3.208047111938848e-06 0.8792740840362558 0.8792740840362558 0.0 0.0 -0.19899294752732444 -0.1989929475273244 0.4999999999997365 0.4999999999997365 0.49999999999999967 0.4999999999999998
1.1500000000000001 3.203626607784005e-06 0.8772239992643185 0.8772239992643185 0.0 0.0 -0.19876102959464043 -0.19876102959464043 0.4999999999997472 0.4999999999997472 0.4999999999999998 0.5
1.16 3.199161969659634e-06 0.875151259794953 0.8751512597949528 0.0 0.0 -0.19852526738059897 -0.19852526738059897 0.49999999999978173 0.49999999999978173 0.49999999999999967 0.4999999999999997
1.17 3.194659205952722e-06 0.8730579486761045 0.8730579486761045 0.0 0.0 -0.1982878397705815 -0.1982878397705815 0.49999999999979594 0.49999999999979594 0.4999999999999998 0.4999999999999999
1.18 3.1901170604965813e-06 0.870942723143597 0.870942723143597 0.0 0.0 -0.19804768559376737 -0.19804768559376737 0.4999999999998088 0.4999999999998088 0.49999999999999956 0.4999999999999997
1.19 3.1325571094459726e-06 0.8688052487389814 0.8688052487389814 0.0 0.0 -0.19780471333868838 -0.19780471333868838 0.5000000011682897 0.5000000011682897 0.4999999999999999 0.49999999999999983
1.2 3.1267418040488193e-06 0.8666452340554441 0.8666452340554441 0.0 0.0 -0.1975588782514162 -0.1975588782514162 0.5000000000355442 0.5000000000355442 0.4999999999999998 0.5
1.21 3.120850726855545e-06 0.864462380219128 0.864462380219128 0.0 0.0 -0.1973101352040638 -0.19731013520406376 0.5000000000005461 0.5000000000005461 0.5 0.4999999999999999
1.22 3.11488012878998e-06 0.8622550028398617 0.8622550028398617 0.0 0.0 -0.19705727778351648 -0.19705727778351648 0.49999999999951317 0.49999999999951317 0.4999999999999999 0.49999999999999967
1.23 3.108836994458118e-06 0.860025425344408 0.8600254253444078 0.0 0.0 -0.19680250373175073 -0.19680250373175073 0.4999999999994871 0.4999999999994871 0.49999999999999983 0.5
1.24 3.102717969574803e-06 0.857772117938863 0.857772117938863 0.0 0.0 -0.19654472926273983 -0.19654472926273983 0.49999999999948547 0.49999999999948547 0.49999999999999994 0.4999999999999999
1.25 3.096522841690025e-06 0.8554946891157903 0.8554946891157901 0.0 0.0 -0.19628385629262696 -0.19628385629262696 0.49999999999948463 0.49999999999948463 0.49999999999999956 0.49999999999999967
1.26 3.0902515948548738e-06 0.853192791395266 0.853192791395266 0.0 0.0 -0.1960198307930949 -0.19601983079309487 0.4999999999994844 0.4999999999994844 0.4999999999999999 0.4999999999999997
1.27 3.0839001841646743e-06 0.8508645691679523 0.8508645691679518 0.0 0.0 -0.19575143817631313 -0.19575143817631313 0.49999999999953343 0.49999999999953343 0.5 0.49999999999999994
1.28 3.0774765525912174e-06 0.8485125334951421 0.8485125334951419 0.0 0.0 -0.19548087045853457 -0.19548087045853457 0.4999999999995392 0.4999999999995392 0.4999999999999999 0.49999999999999983
1.29 3.070977286155215e-06 0.8461349911874293 0.8461349911874291 0.0 0.0 -0.19520703235973957 -0.19520703235973952 0.499999999999541 0.499999999999541 0.4999999999999998 0.4999999999999999
1.3 3.0644024614807007e-06 0.8437314946215146 0.8437314946215144 0.0 0.0 -0.19492981919047356 -0.19492981919047356 0.49999999999954314 0.49999999999954314 0.4999999999999999 0.4999999999999999
1.31 3.0577523856198157e-06 0.8413016410125966 0.8413016410125969 0.0 0.0 -0.19464916840286714 -0.19464916840286714 0.49999999999954603 0.49999999999954603 0.5 0.5
1.32 3.0510229589930175e-06 0.8388433739641807 0.8388433739641807 0.0 0.0 -0.1943638472790508 -0.1943638472790508 0.4999999999995924 0.4999999999995924 0.4999999999999998 0.4999999999999998
1.33 3.0442232867388185e-06 0.8363594209334078 0.8363594209334078 0.0 0.0 -0.1940760563256348 -0.1940760563256348 0.49999999999960043 0.49999999999960043 0.49999999999999983 0.49999999999999983
1.34 3.0373499974195063e-06 0.8338478978048921 0.8338478978048921 0.0 0.0 -0.193784680399847 -0.19378468039984703 0.49999999999960576 0.49999999999960576 0.49999999999999967 0.4999999999999998
1.35 3.030403602490484e-06 0.8313082890833745 0.8313082890833745 0.0 0.0 -0.19348960572457147 -0.19348960572457147 0.49999999999961176 0.49999999999961176 0.4999999999999998 0.4999999999999998
1.36 3.023384891375437e-06 0.8287401251258372 0.8287401251258372 0.0 0.0 -0.193190759254677 -0.19319075925467702 0.4999999999996188 0.4999999999996188 0.5 0.49999999999999994
1.37 3.0162898404485643e-06 0.826141110436101 0.826141110436101 0.0 0.0 -0.19288687833610965 -0.1928868783361097 0.49999999999966216 0.49999999999966216 0.49999999999999967 0.4999999999999996
1.3800000000000001 3.009128987223679e-06 0.8235142251995199 0.8235142251995197 0.0 0.0 -0.19258018805464056 -0.19258018805464056 0.4999999999996739 0.4999999999996739 0.49999999999999956 0.4999999999999998
1.3900000000000001 3.0018991707319404e-06 0.8208573587979668 0.8208573587979672 0.0 0.0 -0.192269543359249 -0.192269543359249 0.4999999999996838 0.4999999999996838 0.49999999999999994 0.4999999999999999
1.4000000000000001 2.994601557868802e-06 0.8181699122962127 0.8181699122962126 0.0 0.0 -0.19195481827962735 -0.19195481827962735 0.49999999999969486 0.49999999999969486 0.4999999999999999 0.49999999999999994
1.41 2.9872324241843655e-06 0.8154493952753814 0.8154493952753814 0.0 0.0 -0.19163473550982918 -0.19163473550982918 0.4999999999997352 0.4999999999997352 0.49999999999999967 0.4999999999999997
1.42 2.979803540465402e-06 0.8126989577782231 0.8126989577782233 0.0 0.0 -0.19131151269751995 -0.19131151269752 0.49999999999975037 0.49999999999975037 0.49999999999999967 0.4999999999999998
1.43 2.97231218081588e-06 0.8099163030535499 0.8099163030535497 0.0 0.0 -0.19098398965812316 -0.19098398965812313 0.499999999999765 0.499999999999765 0.4999999999999999 0.49999999999999994
1.44 2.9647602819015033e-06 0.8071007529964777 0.8071007529964777 0.0 0.0 -0.1906520292819255 -0.19065202928192548 0.4999999999997814 0.4999999999997814 0.5 0.5
1.45 2.95714464670308e-06 0.8042495896375851 0.8042495896375851 0.0 0.0 -0.19031433074068102 -0.19031433074068102 0.4999999999998186 0.4999999999998186 0.4999999999999998 0.49999999999999994
1.46 2.949478577358351e-06 0.8013661605965127 0.8013661605965127 0.0 0.0 -0.18997311798535801 -0.18997311798535801 0.4999999999998386 0.4999999999998386 0.4999999999999999 0.5
1.47 2.917160588670349e-06 0.7984479491436768 0.798447949143677 0.0 0.0 -0.1896272060774309 -0.1896272060774309 0.5000000003096937 0.5000000003096937 0.4999999999999999 0.4999999999999999
1.48 2.9085553104087415e-06 0.7954920143818192 0.795492014381819 0.0 0.0 -0.18927525356068495 -0.18927525356068495 0.5000000000042545 0.5000000000042545 0.49999999999999967 0.4999999999999998
1.49 2.8998714524321585e-06 0.7925017827676409 0.7925017827676409 0.0 0.0 -0.1889194483429965 -0.1889194483429965 0.49999999999975253 0.49999999999975253 0.49999999999999983 0.49999999999999983
1.5 2.891105176511041e-06 0.7894745840666247 0.7894745840666247 0.0 0.0 -0.18855860146860326 -0.1885586014686033 0.4999999999996963 0.4999999999996963 0.4999999999999998 0.4999999999999998
1.51 2.8822582104527816e-06 0.7864095609043215 0.7864095609043215 0.0 0.0 -0.1881925496352884 -0.1881925496352884 0.49999999999970746 0.49999999999970746 0.4999999999999999 0.5
1.52 2.8733259797760935e-06 0.7833035317305146 0.7833035317305146 0.0 0.0 -0.1878199448799088 -0.1878199448799088 0.49999999999974765 0.49999999999974765 0.49999999999999967 0.49999999999999983
1.53 2.8643240275512883e-06 0.7801601822575945 0.7801601822575945 0.0 0.0 -0.18744301077694636 -0.18744301077694636 0.4999999999997641 0.4999999999997641 0.49999999999999994 0.49999999999999994
1.54 2.855249185460762e-06 0.7769765436912883 0.7769765436912883 0.0 0.0 -0.1870605131885043 -0.18706051318850428 0.49999999999978084 0.49999999999978084 0.4999999999999998 0.4999999999999999
1.55 2.846097405454019e-06 0.7737491312895275 0.7737491312895275 0.0 0.0 -0.1866710432154427 -0.18667104321544273 0.49999999999981876 0.49999999999981876 0.4999999999999998 0.49999999999999994
1.56 2.836885809647687e-06 0.7704817537678127 0.7704817537678125 0.0 0.0 -0.18627681213647027 -0.18627681213647027 0.4999999999998398 0.4999999999998398 0.4999999999999999 0.49999999999999994
1.57 2.8276122152824493e-06 0.7671712179757406 0.7671712179757402 0.0 0.0 -0.18587656289313845 -0.18587656289313845 0.49999999999986233 0.49999999999986233 0.4999999999999999 0.4999999999999999
1.58 2.8182736544430835e-06 0.7638137685466615 0.7638137685466614 0.0 0.0 -0.18546885492918755 -0.18546885492918755 0.4999999999998985 0.4999999999998985 0.5000000000000001 0.5000000000000001
1.59 2.808889260553211e-06 0.7604133625051411 0.7604133625051411 0.0 0.0 -0.1850559003300178 -0.1850559003300178 0.49999999999992534 0.49999999999992534 0.49999999999999967 0.49999999999999967
1.6 2.7994582612352204e-06 0.7569665412555008 0.756966541255501 0.0 0.0 -0.1846364089017074 -0.1846364089017074 0.4999999999999551 0.4999999999999551 0.49999999999999967 0.49999999999999983
1.61 2.7899792480676268e-06 0.7534692254787112 0.753469225478711 0.0 0.0 -0.1842088948635974 -0.18420889486359737 0.49999999999998995 0.49999999999998995 0.5 0.5000000000000002
1.62 2.780473937805356e-06 0.7499255463624179 0.7499255463624179 0.0 0.0 -0.18377558336177852 -0.18377558336177852 0.5000000000000246 0.5000000000000246 0.4999999999999997 0.49999999999999983
1.6300000000000001 2.770936018235266e-06 0.7463288584923857 0.7463288584923858 0.0 0.0 -0.1833338949103294 -0.18333389491032942 0.500000000000058 0.500000000000058 0.4999999999999999 0.4999999999999997
1.6400000000000001 2.761388740361232e-06 0.7426831971730817 0.7426831971730817 0.0 0.0 -0.18288596984393982 -0.18288596984393982 0.5000000000000978 0.5000000000000978 0.4999999999999996 0.49999999999999967
1.6500000000000001 2.7061042038008996e-06 0.7389816528603511 0.7389816528603511 0.0 0.0 -0.18242922277757626 -0.18242922277757628 0.5000000002934545 0.5000000002934545 0.4999999999999998 0.4999999999999998
1.6600000000000001 2.6944221100524165e-06 0.7352282641284924 0.7352282641284924 0.0 0.0 -0.181965758400891 -0.181965758400891 0.500000000002014 0.500000000002014 0.49999999999999994 0.49999999999999994
1.67 2.682625187696863e-06 0.7314188508843625 0.7314188508843629 0.0 0.0 -0.18149420976675337 -0.1814942097667534 0.49999999999973704 0.49999999999973704 0.5 0.49999999999999994
1.68 2.670707031371846e-06 0.7275484579078574 0.7275484579078574 0.0 0.0 -0.18101298613235975 -0.18101298613235972 0.4999999999997578 0.4999999999997578 0.49999999999999994 0.49999999999999994
1.69 2.6586908013248855e-06 0.7236214434680035 0.7236214434680031 0.0 0.0 -0.18052427372260632 -0.1805242737226063 0.49999999999977435 0.49999999999977435 0.4999999999999998 0.49999999999999983
1.7 2.646562865237763e-06 0.7196298175640974 0.7196298175640978 0.0 0.0 -0.18002533205639604 -0.18002533205639606 0.49999999999981243 0.49999999999981243 0.5000000000000002 0.5000000000000001
1.71 2.6343482047182546e-06 0.7155778675619048 0.7155778675619043 0.0 0.0 -0.1795182873682014 -0.1795182873682014 0.4999999999998339 0.4999999999998339 0.4999999999999995 0.49999999999999967
1.72 2.622034632165907e-06 0.711457133356445 0.711457133356445 0.0 0.0 -0.1790003408445652 -0.1790003408445652 0.4999999999998717 0.4999999999998717 0.49999999999999983 0.49999999999999983
1.73 2.6096397291928126e-06 0.7072685026236456 0.7072685026236459 0.0 0.0 -0.17847233358800357 -0.17847233358800357 0.49999999999990863 0.49999999999990863 0.49999999999999967 0.4999999999999998
1.74 2.597183267443636e-06 0.703013136946354 0.703013136946354 0.0 0.0 -0.1779351596380558 -0.17793515963805584 0.49999999999993816 0.49999999999993816 0.49999999999999983 0.4999999999999999
1.75 2.584656738345658e-06 0.6986818373833649 0.6986818373833649 0.0 0.0 -0.17738594120285542 -0.17738594120285536 0.49999999999997535 0.49999999999997535 0.5 0.5000000000000001
1.76 2.5720926821573887e-06 0.6942787449202696 0.6942787449202698 0.0 0.0 -0.17682669685258387 -0.17682669685258384 0.5000000000000131 0.5000000000000131 0.4999999999999998 0.4999999999999999
1.77 2.5594862321033323e-06 0.6897940574076243 0.6897940574076243 0.0 0.0 -0.1762544738651201 -0.17625447386512016 0.5000000000000528 0.5000000000000528 0.5000000000000002 0.5000000000000002
1.78 2.524794999207077e-06 0.6852281237560689 0.6852281237560687 0.0 0.0 -0.17566998250731108 -0.17566998250731106 0.5000000000718194 0.5000000000718194 0.4999999999999998 0.49999999999999994
1.79 2.510799008421038e-06 0.6805778247914699 0.6805778247914698 0.0 0.0 -0.17507272530218046 -0.17507272530218046 0.5000000000001597 0.5000000000001597 0.4999999999999998 0.49999999999999983
1.8 2.4967297406226057e-06 0.6758435412931004 0.6758435412931002 0.0 0.0 -0.17446340095059118 -0.17446340095059115 0.49999999999994815 0.49999999999994815 0.5000000000000002 0.5000000000000001
1.81 2.4825803886887608e-06 0.6710139908367925 0.6710139908367927 0.0 0.0 -0.17383885987592493 -0.17383885987592493 0.49999999999998646 0.49999999999998646 0.4999999999999998 0.4999999999999999
1.82 2.468380328670417e-06 0.6660887364138689 0.6660887364138693 0.0 0.0 -0.1731996381938568 -0.17319963819385684 0.5000000000000263 0.5000000000000263 0.4999999999999999 0.49999999999999967
1.83 2.454152142155184e-06 0.6610635566093985 0.6610635566093985 0.0 0.0 -0.1725450470529161 -0.17254504705291607 0.5000000000000672 0.5000000000000672 0.4999999999999999 0.4999999999999998
1.84 2.439922334565602e-06 0.6559337545413635 0.6559337545413633 0.0 0.0 -0.17187429709543628 -0.17187429709543625 0.5000000000001096 0.5000000000001096 0.5000000000000001 0.5000000000000001
1.85 2.4257225032692518e-06 0.6506942272190097 0.6506942272190097 0.0 0.0 -0.17118652843075838 -0.17118652843075838 0.5000000000001544 0.5000000000001544 0.49999999999999983 0.49999999999999994
1.86 2.4115903731493256e-06 0.6453394186090826 0.645339418609083 0.0 0.0 -0.17048080302325339 -0.17048080302325344 0.5000000000002024 0.5000000000002024 0.5000000000000002 0.5000000000000001
1.87 2.3556153506523483e-06 0.6398632574610739 0.6398632574610738 0.0 0.0 -0.16975609348557508 -0.16975609348557508 0.5000000000617429 0.5000000000617429 0.5000000000000001 0.5000000000000001
1.8800000000000001 2.3383550006682295e-06 0.634259099713626 0.6342590997136258 0.0 0.0 -0.16901127450092396 -0.1690112745009239 0.5000000000000079 0.5000000000000079 0.5000000000000002 0.5
1.8900000000000001 2.32096099713749e-06 0.6285196289926096 0.6285196289926096 0.0 0.0 -0.1682451032906311 -0.16824510329063105 0.49999999999995487 0.49999999999995487 0.49999999999999967 0.4999999999999997
1.9000000000000001 2.303447208934856e-06 0.6226319553911532 0.6226319553911531 0.0 0.0 -0.16745484647552664 -0.16745484647552664 0.49999999999999617 0.49999999999999617 0.49999999999999994 0.5
1.9100000000000001 2.2858769657540556e-06 0.6165963891565669 0.6165963891565669 0.0 0.0 -0.16664161723052864 -0.16664161723052864 0.5000000000000381 0.5000000000000381 0.4999999999999999 0.4999999999999999
1.92 2.2682686080314165e-06 0.6103936001703205 0.6103936001703205 0.0 0.0 -0.16580109439876 -0.16580109439876 0.500000000000079 0.500000000000079 0.49999999999999967 0.49999999999999956
1.93 2.2318444965302693e-06 0.6040218574257952 0.6040218574257953 0.0 0.0 -0.16493396827506396 -0.16493396827506396 0.5000000000414899 0.5000000000414899 0.4999999999999999 0.49999999999999994
1.94 2.212446289133604e-06 0.597458765922928 0.597458765922928 0.0 0.0 -0.16403542613865668 -0.16403542613865665 0.500000000000042 0.500000000000042 0.49999999999999983 0.4999999999999999
1.95 2.192985506591342e-06 0.5906946393924226 0.5906946393924224 0.0 0.0 -0.1631042741589081 -0.16310427415890807 0.5000000000000618 0.5000000000000618 0.4999999999999996 0.49999999999999967
1.96 2.173536372494111e-06 0.5837132007425284 0.5837132007425286 0.0 0.0 -0.16213771547173111 -0.16213771547173117 0.5000000000001087 0.5000000000001087 0.49999999999999944 0.49999999999999944
1.97 2.1541969352803493e-06 0.5764955736926206 0.5764955736926206 0.0 0.0 -0.161132485461588 -0.161132485461588 0.500000000000162 0.500000000000162 0.5000000000000001 0.5000000000000001
1.98 2.0992426414992126e-06 0.5690140624341838 0.569014062434184 0.0 0.0 -0.16008335874505478 -0.16008335874505478 0.5000000000356504 0.5000000000356504 0.49999999999999967 0.4999999999999998
1.99 2.0758862047540934e-06 0.5612482377447929 0.5612482377447929 0.0 0.0 -0.15898722234472862 -0.1589872223447286 0.500000000000008 0.500000000000008 0.5 0.5000000000000002
2.0 2.052359276688015e-06 0.5531676538484277 0.5531676538484277 0.0 0.0 -0.1578387821753298 -0.15783878217532982 0.5000000000000455 0.5000000000000455 0.49999999999999983 0.4999999999999999
2.0100000000000002 2.0287892982035512e-06 0.5447356296214264 0.5447356296214263 0.0 0.0 -0.15663163701256022 -0.1566316370125602 0.5000000000000964 0.5000000000000964 0.4999999999999998 0.49999999999999983
2.02 1.9877214500508463e-06 0.5359010196765126 0.5359010196765126 0.0 0.0 -0.15535648831797808 -0.15535648831797808 0.5000000000019605 0.5000000000019605 0.49999999999999944 0.4999999999999995
2.0300000000000002 1.9617483775167907e-06 0.5266074558320958 0.5266074558320958 0.0 0.0 -0.15400349168022404 -0.15400349168022404 0.500000000000091 0.500000000000091 0.5000000000000002 0.5000000000000003
2.04 1.935921158931248e-06 0.5167837928160833 0.5167837928160831 0.0 0.0 -0.15256020149949223 -0.15256020149949223 0.5000000000001424 0.5000000000001424 0.4999999999999996 0.4999999999999998
2.05 1.8760031921603478e-06 0.5063441763263007 0.5063441763263005 0.0 0.0 -0.1510118321594558 -0.1510118321594558 0.5000000000005399 0.5000000000005399 0.5000000000000001 0.5000000000000001
2.06 1.844523244253132e-06 0.4951509349989619 0.49515093499896173 0.0 0.0 -0.14933357110066456 -0.14933357110066448 0.5000000000000814 0.5000000000000814 0.5000000000000002 0.5000000000000003
2.07 1.7969997239265542e-06 0.4830287557446158 0.4830287557446156 0.0 0.0 -0.14749451052461435 -0.14749451052461435 0.5000000000003287 0.5000000000003287 0.49999999999999933 0.4999999999999994
2.08 1.762052376826639e-06 0.46971145781331003 0.46971145781330986 0.0 0.0 -0.14544737911630864 -0.14544737911630864 0.5000000000001418 0.5000000000001418 0.49999999999999956 0.4999999999999996
2.09 1.693725810243938e-06 0.4547612941015332 0.4547612941015332 0.0 0.0 -0.14311406032890517 -0.14311406032890514 0.5000000000000765 0.5000000000000765 0.5000000000000003 0.5000000000000003
2.1 1.6346381993934626e-06 0.4374071505822889 0.4374071505822889 0.0 0.0 -0.14035723834751404 -0.14035723834751404 0.5000000000001048 0.5000000000001048 0.4999999999999996 0.49999999999999967
2.11 1.5537704870999423e-06 0.41587902364530244 0.41587902364530244 0.0 0.0 -0.1368601045742863 -0.1368601045742863 0.5000000000001013 0.5000000000001013 0.49999999999999983 0.4999999999999997
2.12 1.436847031145631e-06 0.38350597372199874 0.38350597372199874 0.0 0.0 -0.1314262329892761 -0.1314262329892761 0.5000000000001312 0.5000000000001312 0.49999999999999944 0.4999999999999996
2.13 -6.336229586353374e-05 3.2648191156552093e-14 0.0 199.66249793559064 -294.9025670107828 -2.0624808917273427e-10 0.0 0.999994293024312 0.0 0.0 1.0
2.1399999999999997 -6.336229586353374e-05 3.264819115655211e-14 0.0 199.66249793559064 -294.9025670107828 -2.0624808917273427e-10 0.0 0.999994293024312 0.0 0.0 1.0
2.1499999999999995 -6.336229586353374e-05 3.2648191156552093e-14 0.0 199.66249793559064 -294.9025670107828 -2.0624808917273427e-10 0.0 0.999994293024312 0.0 0.0 1.0
2.1599999999999993 -6.336229586353374e-05 3.264819115655208e-14 0.0 199.66249793559064 -294.9025670107828 -2.0624808917273427e-10 0.0 0.999994293024312 0.0 0.0 1.0
2.169999999999999 -6.336229586353374e-05 3.264819115655206e-14 0.0 199.66249793559064 -294.9025670107828 -2.0624808917273427e-10 0.0 0.999994293024312 0.0 0.0 1.0
2.179999999999999 -6.336229586353374e-05 3.264819115655211e-14 0.0 199.66249793559064 -294.9025670107828 -2.0624808917273427e-10 0.0 0.999994293024312 0.0 0.0 1.0
2.1899999999999986 -6.336229586353374e-05 3.264819115650857e-14 0.0 199.66249793572382 -294.9025670107384 -2.0624808917273427e-10 0.0 0.999994293024312 0.0 0.0 1.0
2.1999999999999984 -6.336229586353374e-05 3.264819115655211e-14 0.0 199.66249793559064 -294.9025670107828 -2.0624808917273427e-10 0.0 0.999994293024312 0.0 0.0 1.0
2.209999999999998 -6.336229586353374e-05 3.2648191156552093e-14 0.0 199.66249793559064 -294.9025670107828 -2.0624808917273427e-10 0.0 0.999994293024312 0.0 0.0 1.0
2.219999999999998 -6.336229586353374e-05 3.264819115655211e-14 0.0 199.66249793559064 -294.9025670107828 -2.0624808917273427e-10 0.0 0.999994293024312 0.0 0.0 1.0
2.2299999999999978 -6.336229586353374e-05 3.264819115655211e-14 0.0 199.66249793559064 -294.9025670107828 -2.0624808917273427e-10 0.0 0.999994293024312 0.0 0.0 1.0
2.2399999999999975 -6.336229586353374e-05 3.264819115650855e-14 0.0 199.66249793572382 -294.9025670107828 -2.0624808917273427e-10 0.0 0.999994293024312 0.0 0.0 1.0
2.2499999999999973 -6.336229586353374e-05 3.2648191156552093e-14 0.0 199.66249793559064 -294.9025670107828 -2.0624808917273427e-10 0.0 0.999994293024312 0.0 0.0 1.0
2.259999999999997 -6.336229586353374e-05 3.264819115655211e-14 0.0 199.66249793559064 -294.9025670107828 -2.0624808917273427e-10 0.0 0.999994293024312 0.0 0.0 1.0
2.269999999999997 -6.336229586353374e-05 3.264819115655211e-14 0.0 199.66249793559064 -294.9025670107828 -2.0624808917273427e-10 0.0 0.999994293024312 0.0 0.0 1.0
2.2799999999999967 -6.336229586353374e-05 3.264819115655204e-14 0.0 199.66249793559064 -294.9025670107384 -2.0624808917273427e-10 0.0 0.999994293024312 0.0 0.0 1.0
2.2899999999999965 -6.336229586353374e-05 3.264819115652303e-14 0.0 199.66249793567943 -294.9025670107384 -2.0624808917273427e-10 0.0 0.999994293024312 0.0 0.0 1.0
2.2999999999999963 -6.336229586353374e-05 3.264819115655211e-14 0.0 199.66249793559064 -294.9025670107828 -2.0624808917273427e-10 0.0 0.999994293024312 0.0 0.0 1.0
2.309999999999996 -6.336229586353374e-05 3.264819115655211e-14 0.0 199.66249793559064 -294.9025670107828 -2.0624808917273427e-10 0.0 0.999994293024312 0.0 0.0 1.0
2.319999999999996 -6.336229586353374e-05 3.264819115655208e-14 0.0 199.66249793559064 -294.9025670107828 -2.0624808917273427e-10 0.0 0.999994293024312 0.0 0.0 1.0
2.3299999999999956 -6.336229586353374e-05 3.264819115655211e-14 0.0 199.66249793559064 -294.9025670107828 -2.0624808917273427e-10 0.0 0.999994293024312 0.0 0.0 1.0
2.3399999999999954 -6.336229586353374e-05 3.264819115655214e-14 0.0 199.66249793559064 -294.9025670107828 -2.0624808917273427e-10 0.0 0.999994293024312 0.0 0.0 1.0
2.349999999999995 -6.336229586353374e-05 3.264819115655214e-14 0.0 199.66249793559064 -294.9025670107828 -2.0624808917273427e-10 0.0 0.999994293024312 0.0 0.0 1.0
2.359999999999995 -6.336229586353374e-05 3.264819115653757e-14 0.0 199.66249793563503 -294.9025670107828 -2.0624808917273427e-10 0.0 0.999994293024312 0.0 0.0 1.0
2.3699999999999948 -6.336229586353374e-05 3.2648191156552093e-14 0.0 199.66249793559064 -294.9025670107828 -2.0624808917273427e-10 0.0 0.999994293024312 0.0 0.0 1.0
2.3799999999999946 -6.336229586353374e-05 3.2648191156552093e-14 0.0 199.66249793559064 -294.9025670107828 -2.0624808917273427e-10 0.0 0.999994293024312 0.0 0.0 1.0
2.3899999999999944 -6.336229586353374e-05 3.2648191156552093e-14 0.0 199.66249793559064 -294.9025670107828 -2.0624808917273427e-10 0.0 0.999994293024312 0.0 0.0 1.0
2.399999999999994 -6.336229586353374e-05 3.2648191156552093e-14 0.0 199.66249793559064 -294.9025670107828 -2.0624808917273427e-10 0.0 0.999994293024312 0.0 0.0 1.0
2.409999999999994 -6.336229586353374e-05 3.264819115655211e-14 0.0 199.66249793559064 -294.9025670107828 -2.0624808917273427e-10 0.0 0.999994293024312 0.0 0.0 1.0
2.4199999999999937 -6.336229586353374e-05 3.264819115655211e-14 0.0 199.66249793559064 -294.9025670107828 -2.0624808917273427e-10 0.0 0.999994293024312 0.0 0.0 1.0
2.4299999999999935 -6.336229586353374e-05 3.264819115655211e-14 0.0 199.66249793559064 -294.9025670107828 -2.0624808917273427e-10 0.0 0.999994293024312 0.0 0.0 1.0
2.4399999999999933 -6.336229586353374e-05 3.264819115655214e-14 0.0 199.66249793559064 -294.9025670107828 -2.0624808917273427e-10 0.0 0.999994293024312 0.0 0.0 1.0
2.449999999999993 -6.336229586353374e-05 3.264819115655214e-14 0.0 199.66249793559064 -294.9025670107828 -2.0624808917273427e-10 0.0 0.999994293024312 0.0 0.0 1.0
2.459999999999993 -6.336229586353374e-05 3.264819115655211e-14 0.0 199.66249793559064 -294.9025670107828 -2.0624808917273427e-10 0.0 0.999994293024312 0.0 0.0 1.0
2.4699999999999926 -6.336229586353374e-05 3.264819115650855e-14 0.0 199.66249793572382 -294.9025670107828 -2.0624808917273427e-10 0.0 0.999994293024312 0.0 0.0 1.0
2.4799999999999924 -6.336229586353374e-05 3.264819115650857e-14 0.0 199.66249793572382 -294.9025670107828 -2.0624808917273427e-10 0.0 0.999994293024312 0.0 0.0 1.0
2.489999999999992 -6.336229586353374e-05 3.2648191156552093e-14 0.0 199.66249793559064 -294.9025670107828 -2.0624808917273427e-10 0.0 0.999994293024312 0.0 0.0 1.0
2.499999999999992 -6.336229586353374e-05 3.264819115655211e-14 0.0 199.66249793559064 -294.9025670107828 -2.0624808917273427e-10 0.0 0.999994293024312 0.0 0.0 1.0
2.509999999999992 -6.336229586353374e-05 3.264819115655211e-14 0.0 199.66249793559064 -294.9025670107828 -2.0624808917273427e-10 0.0 0.999994293024312 0.0 0.0 1.0
2.5199999999999916 -6.336229586353374e-05 3.264819115655206e-14 0.0 199.66249793559064 -294.9025670107384 -2.0624808917273427e-10 0.0 0.999994293024312 0.0 0.0 1.0
2.5299999999999914 -6.336229586353374e-05 3.264819115655211e-14 0.0 199.66249793559064 -294.9025670107828 -2.0624808917273427e-10 0.0 0.999994293024312 0.0 0.0 1.0
2.539999999999991 -6.336229586353374e-05 3.264819115655208e-14 0.0 199.66249793559064 -294.9025670107828 -2.0624808917273427e-10 0.0 0.999994293024312 0.0 0.0 1.0
2.549999999999991 -6.336229586353374e-05 3.2648191156552093e-14 0.0 199.66249793559064 -294.9025670107828 -2.0624808917273427e-10 0.0 0.999994293024312 0.0 0.0 1.0
2.5599999999999907 -6.336229586353374e-05 3.2648191156552093e-14 0.0 199.66249793559064 -294.9025670107828 -2.0624808917273427e-10 0.0 0.999994293024312 0.0 0.0 1.0
2.5699999999999905 -6.336229586353374e-05 3.264819115655206e-14 0.0 199.66249793559064 -294.902567010694 -2.0624808917273427e-10 0.0 0.999994293024312 0.0 0.0 1.0
2.5799999999999903 -6.336229586353374e-05 3.2648191156552093e-14 0.0 199.66249793559064 -294.9025670107828 -2.0624808917273427e-10 0.0 0.999994293024312 0.0 0.0 1.0
2.58999999999999 -6.336229586353374e-05 3.264819115650857e-14 0.0 199.66249793572382 -294.9025670107828 -2.0624808917273427e-10 0.0 0.999994293024312 0.0 0.0 1.0
2.59999999999999 -6.336229586353374e-05 3.264819115650858e-14 0.0 199.66249793572382 -294.9025670107828 -2.0624808917273427e-10 0.0 0.999994293024312 0.0 0.0 1.0
2.6099999999999897 -6.336229586353374e-05 3.264819115655211e-14 0.0 199.66249793559064 -294.9025670107828 -2.0624808917273427e-10 0.0 0.999994293024312 0.0 0.0 1.0
2.6199999999999894 -6.336229586353374e-05 3.264819115655208e-14 0.0 199.66249793559064 -294.9025670107828 -2.0624808917273427e-10 0.0 0.999994293024312 0.0 0.0 1.0
2.6299999999999892 -6.336229586353374e-05 3.264819115655214e-14 0.0 199.66249793559064 -294.9025670107828 -2.0624808917273427e-10 0.0 0.999994293024312 0.0 0.0 1.0
2.639999999999989 -6.336229586353374e-05 3.264819115655215e-14 0.0 199.66249793559064 -294.9025670107828 -2.0624808917273427e-10 0.0 0.999994293024312 0.0 0.0 1.0
2.649999999999989 -6.336229586353374e-05 3.264819115655214e-14 0.0 199.66249793559064 -294.9025670107384 -2.0624808917273427e-10 0.0 0.999994293024312 0.0 0.0 1.0
2.6599999999999886 -6.336229586353374e-05 3.264819115655214e-14 0.0 199.66249793559064 -294.9025670107828 -2.0624808917273427e-10 0.0 0.999994293024312 0.0 0.0 1.0
2.6699999999999884 -6.336229586353374e-05 3.264819115655211e-14 0.0 199.66249793559064 -294.9025670107828 -2.0624808917273427e-10 0.0 0.999994293024312 0.0 0.0 1.0
2.679999999999988 -6.336229586353374e-05 3.2648191156552093e-14 0.0 199.66249793559064 -294.9025670107828 -2.0624808917273427e-10 0.0 0.999994293024312 0.0 0.0 1.0
2.689999999999988 -6.336229586353374e-05 3.264819115655206e-14 0.0 199.66249793559064 -294.902567010694 -2.0624808917273427e-10 0.0 0.999994293024312 0.0 0.0 1.0
2.6999999999999877 -6.336229586353374e-05 3.264819115653758e-14 0.0 199.66249793563503 -294.902567010694 -2.0624808917273427e-10 0.0 0.999994293024312 0.0 0.0 1.0
2.7099999999999875 -6.336229586353374e-05 3.264819115655214e-14 0.0 199.66249793559064 -294.9025670107828 -2.0624808917273427e-10 0.0 0.999994293024312 0.0 0.0 1.0
2.7199999999999873 -6.336229586353374e-05 3.264819115650857e-14 0.0 199.66249793572382 -294.9025670107828 -2.0624808917273427e-10 0.0 0.999994293024312 0.0 0.0 1.0
2.729999999999987 -6.336229586353374e-05 3.2648191156552093e-14 0.0 199.66249793559064 -294.9025670107828 -2.0624808917273427e-10 0.0 0.999994293024312 0.0 0.0 1.0
2.739999999999987 -6.336229586353374e-05 3.264819115655208e-14 0.0 199.66249793559064 -294.9025670107828 -2.0624808917273427e-10 0.0 0.999994293024312 0.0 0.0 1.0
2.7499999999999867 -6.336229586353374e-05 3.264819115655211e-14 0.0 199.66249793559064 -294.9025670107828 -2.0624808917273427e-10 0.0 0.999994293024312 0.0 0.0 1.0
2.7599999999999865 -6.336229586353374e-05 3.2648191156552093e-14 0.0 199.66249793559064 -294.9025670107828 -2.0624808917273427e-10 0.0 0.999994293024312 0.0 0.0 1.0
2.7699999999999863 -6.336229586353374e-05 3.264819115655211e-14 0.0 199.66249793559064 -294.9025670107828 -2.0624808917273427e-10 0.0 0.999994293024312 0.0 0.0 1.0
2.779999999999986 -6.336229586353374e-05 3.264819115655211e-14 0.0 199.66249793559064 -294.9025670107828 -2.0624808917273427e-10 0.0 0.999994293024312 0.0 0.0 1.0
2.789999999999986 -6.336229586353374e-05 3.264819115655215e-14 0.0 199.66249793559064 -294.9025670107828 -2.0624808917273427e-10 0.0 0.999994293024312 0.0 0.0 1.0
2.7999999999999856 -6.336229586353374e-05 3.264819115655211e-14 0.0 199.66249793559064 -294.9025670107828 -2.0624808917273427e-10 0.0 0.999994293024312 0.0 0.0 1.0
2.8099999999999854 -6.336229586353374e-05 3.264819115655206e-14 0.0 199.66249793559064 -294.9025670107828 -2.0624808917273427e-10 0.0 0.999994293024312 0.0 0.0 1.0
2.819999999999985 -6.336229586353374e-05 3.2648191156523057e-14 0.0 199.66249793567943 -294.9025670107828 -2.0624808917273427e-10 0.0 0.999994293024312 0.0 0.0 1.0
2.829999999999985 -6.336229586353374e-05 3.264819115655214e-14 0.0 199.66249793559064 -294.9025670107828 -2.0624808917273427e-10 0.0 0.999994293024312 0.0 0.0 1.0
2.8399999999999848 -6.336229586353374e-05 3.264819115655215e-14 0.0 199.66249793559064 -294.9025670107828 -2.0624808917273427e-10 0.0 0.999994293024312 0.0 0.0 1.0
2.8499999999999845 -6.336229586353374e-05 3.264819115655208e-14 0.0 199.66249793559064 -294.9025670107828 -2.0624808917273427e-10 0.0 0.999994293024312 0.0 0.0 1.0
2.8599999999999843 -6.336229586353374e-05 3.264819115655214e-14 0.0 199.66249793559064 -294.9025670107828 -2.0624808917273427e-10 0.0 0.999994293024312 0.0 0.0 1.0
2.869999999999984 -6.336229586353374e-05 3.264819115655208e-14 0.0 199.66249793559064 -294.9025670107828 -2.0624808917273427e-10 0.0 0.999994293024312 0.0 0.0 1.0
2.879999999999984 -6.336229586353374e-05 3.2648191156552093e-14 0.0 199.66249793559064 -294.9025670107828 -2.0624808917273427e-10 0.0 0.999994293024312 0.0 0.0 1.0
2.8899999999999837 -6.336229586353374e-05 3.264819115655211e-14 0.0 199.66249793559064 -294.9025670107828 -2.0624808917273427e-10 0.0 0.999994293024312 0.0 0.0 1.0
2.8999999999999835 -6.336229586353374e-05 3.264819115655211e-14 0.0 199.66249793559064 -294.9025670107828 -2.0624808917273427e-10 0.0 0.999994293024312 0.0 0.0 1.0
2.9099999999999833 -6.336229586353374e-05 3.264819115655214e-14 0.0 199.66249793559064 -294.9025670107828 -2.0624808917273427e-10 0.0 0.999994293024312 0.0 0.0 1.0
2.919999999999983 -6.336229586353374e-05 3.264819115655211e-14 0.0 199.66249793559064 -294.9025670107828 -2.0624808917273427e-10 0.0 0.999994293024312 0.0 0.0 1.0
2.929999999999983 -6.336229586353374e-05 3.2648191156552093e-14 0.0 199.66249793559064 -294.9025670107828 -2.0624808917273427e-10 0.0 0.999994293024312 0.0 0.0 1.0
2.9399999999999826 -6.336229586353374e-05 3.264819115655208e-14 0.0 199.66249793559064 -294.9025670107828 -2.0624808917273427e-10 0.0 0.999994293024312 0.0 0.0 1.0
2.9499999999999824 -6.336229586353374e-05 3.264819115655211e-14 0.0 199.66249793559064 -294.9025670107828 -2.0624808917273427e-10 0.0 0.999994293024312 0.0 0.0 1.0
2.959999999999982 -6.336229586353374e-05 3.264819115655211e-14 0.0 199.66249793559064 -294.9025670107828 -2.0624808917273427e-10 0.0 0.999994293024312 0.0 0.0 1.0
2.969999999999982 -6.336229586353374e-05 3.264819115655214e-14 0.0 199.66249793559064 -294.9025670107828 -2.0624808917273427e-10 0.0 0.999994293024312 0.0 0.0 1.0
2.9799999999999818 -6.336229586353374e-05 3.2648191156552093e-14 0.0 199.66249793559064 -294.9025670107828 -2.0624808917273427e-10 0.0 0.999994293024312 0.0 0.0 1.0
2.9899999999999816 -6.336229586353374e-05 3.264819115655208e-14 0.0 199.66249793559064 -294.9025670107828 -2.0624808917273427e-10 0.0 0.999994293024312 0.0 0.0 1.0
2.9999999999999813 -6.336229586353374e-05 3.2648191156552093e-14 0.0 199.66249793559064 -294.9025670107828 -2.0624808917273427e-10 0.0 0.999994293024312 0.0 0.0 1.0
3.009999999999981 -6.336229586353374e-05 3.264819115655204e-14 0.0 199.66249793559064 -294.9025670107828 -2.0624808917273427e-10 0.0 0.999994293024312 0.0 0.0 1.0
3.019999999999981 -6.336229586353374e-05 3.2648191156552093e-14 0.0 199.66249793559064 -294.9025670107828 -2.0624808917273427e-10 0.0 0.999994293024312 0.0 0.0 1.0
3.0299999999999807 -6.336229586353374e-05 3.2648191156552093e-14 0.0 199.66249793559064 -294.9025670107828 -2.0624808917273427e-10 0.0 0.999994293024312 0.0 0.0 1.0
3.0399999999999805 -6.336229586353374e-05 3.264819115655211e-14 0.0 199.66249793559064 -294.9025670107828 -2.0624808917273427e-10 0.0 0.999994293024312 0.0 0.0 1.0
3.0499999999999803 -6.336229586353374e-05 3.264819115655206e-14 0.0 199.66249793559064 -294.9025670107828 -2.0624808917273427e-10 0.0 0.999994293024312 0.0 0.0 1.0
3.05999999999998 -6.336229586353374e-05 3.264819115655208e-14 0.0 199.66249793559064 -294.9025670107828 -2.0624808917273427e-10 0.0 0.999994293024312 0.0 0.0 1.0
3.06999999999998 -6.336229586353374e-05 3.264819115655211e-14 0.0 199.66249793559064 -294.9025670107828 -2.0624808917273427e-10 0.0 0.999994293024312 0.0 0.0 1.0
3.0799999999999796 -6.336229586353374e-05 3.2648191156552093e-14 0.0 199.66249793559064 -294.9025670107828 -2.0624808917273427e-10 0.0 0.999994293024312 0.0 0.0 1.0
3.0899999999999794 -6.336229586353374e-05 3.2648191156552093e-14 0.0 199.66249793559064 -294.9025670107828 -2.0624808917273427e-10 0.0 0.999994293024312 0.0 0.0 1.0
3.099999999999979 -6.336229586353374e-05 3.264819115655206e-14 0.0 199.66249793559064 -294.9025670107828 -2.0624808917273427e-10 0.0 0.999994293024312 0.0 0.0 1.0
3.109999999999979 -6.336229586353374e-05 3.2648191156552093e-14 0.0 199.66249793559064 -294.9025670107828 -2.0624808917273427e-10 0.0 0.999994293024312 0.0 0.0 1.0
3.119999999999979 -6.336229586353374e-05 3.2648191156552093e-14 0.0 199.66249793559064 -294.9025670107828 -2.0624808917273427e-10 0.0 0.999994293024312 0.0 0.0 1.0
3.1299999999999786 -6.336229586353374e-05 3.2648191156552093e-14 0.0 199.66249793559064 -294.9025670107828 -2.0624808917273427e-10 0.0 0.999994293024312 0.0 0.0 1.0
3.1399999999999784 -6.336229586353374e-05 3.264819115655214e-14 0.0 199.66249793559064 -294.9025670107828 -2.0624808917273427e-10 0.0 0.999994293024312 0.0 0.0 1.0
3.149999999999978 -6.336229586353374e-05 3.264819115655214e-14 0.0 199.66249793559064 -294.9025670107828 -2.0624808917273427e-10 0.0 0.999994293024312 0.0 0.0 1.0
3.159999999999978 -6.336229586353374e-05 3.264819115655215e-14 0.0 199.66249793559064 -294.9025670107828 -2.0624808917273427e-10 0.0 0.999994293024312 0.0 0.0 1.0
3.1699999999999777 -6.336229586353374e-05 3.2648191156552093e-14 0.0 199.66249793559064 -294.9025670107828 -2.0624808917273427e-10 0.0 0.999994293024312 0.0 0.0 1.0
3.1799999999999775 -6.336229586353374e-05 3.2648191156552093e-14 0.0 199.66249793559064 -294.9025670107828 -2.0624808917273427e-10 0.0 0.999994293024312 0.0 0.0 1.0
3.1899999999999773 -6.336229586353374e-05 3.2648191156552093e-14 0.0 199.66249793559064 -294.9025670107828 -2.0624808917273427e-10 0.0 0.999994293024312 0.0 0.0 1.0
3.199999999999977 -6.336229586353374e-05 3.2648191156552093e-14 0.0 199.66249793559064 -294.9025670107828 -2.0624808917273427e-10 0.0 0.999994293024312 0.0 0.0 1.0
3.209999999999977 -6.336229586353374e-05 3.264819115655208e-14 0.0 199.66249793559064 -294.9025670107828 -2.0624808917273427e-10 0.0 0.999994293024312 0.0 0.0 1.0
3.2199999999999767 -6.336229586353374e-05 3.264819115655211e-14 0.0 199.66249793559064 -294.9025670107828 -2.0624808917273427e-10 0.0 0.999994293024312 0.0 0.0 1.0
3.2299999999999764 -6.336229586353374e-05 3.264819115655214e-14 0.0 199.66249793559064 -294.9025670107828 -2.0624808917273427e-10 0.0 0.999994293024312 0.0 0.0 1.0
3.2399999999999762 -6.336229586353374e-05 3.264819115650858e-14 0.0 199.66249793572382 -294.9025670107384 -2.0624808917273427e-10 0.0 0.999994293024312 0.0 0.0 1.0
3.249999999999976 -6.336229586353374e-05 3.26481911565086e-14 0.0 199.66249793572382 -294.9025670107384 -2.0624808917273427e-10 0.0 0.999994293024312 0.0 0.0 1.0
3.259999999999976 -6.336229586353374e-05 3.264819115655208e-14 0.0 199.66249793559064 -294.9025670107828 -2.0624808917273427e-10 0.0 0.999994293024312 0.0 0.0 1.0
3.2699999999999756 -6.336229586353374e-05 3.264819115655208e-14 0.0 199.66249793559064 -294.9025670107828 -2.0624808917273427e-10 0.0 0.999994293024312 0.0 0.0 1.0
3.2799999999999754 -6.336229586353374e-05 3.264819115655206e-14 0.0 199.66249793559064 -294.9025670107828 -2.0624808917273427e-10 0.0 0.999994293024312 0.0 0.0 1.0
3.289999999999975 -6.336229586353374e-05 3.264819115655211e-14 0.0 199.66249793559064 -294.9025670107828 -2.0624808917273427e-10 0.0 0.999994293024312 0.0 0.0 1.0
3.299999999999975 -6.336229586353374e-05 3.2648191156552093e-14 0.0 199.66249793559064 -294.9025670107828 -2.0624808917273427e-10 0.0 0.999994293024312 0.0 0.0 1.0
3.3099999999999747 -6.336229586353374e-05 3.264819115655208e-14 0.0 199.66249793559064 -294.9025670107828 -2.0624808917273427e-10 0.0 0.999994293024312 0.0 0.0 1.0
3.3199999999999745 -6.336229586353374e-05 3.264819115655214e-14 0.0 199.66249793559064 -294.9025670107828 -2.0624808917273427e-10 0.0 0.999994293024312 0.0 0.0 1.0
3.3299999999999743 -6.336229586353374e-05 3.264819115655211e-14 0.0 199.66249793559064 -294.9025670107828 -2.0624808917273427e-10 0.0 0.999994293024312 0.0 0.0 1.0
3.339999999999974 -6.336229586353374e-05 3.264819115655204e-14 0.0 199.66249793559064 -294.9025670107828 -2.0624808917273427e-10 0.0 0.999994293024312 0.0 0.0 1.0
3.349999999999974 -6.336229586353374e-05 3.2648191156552093e-14 0.0 199.66249793559064 -294.9025670107828 -2.0624808917273427e-10 0.0 0.999994293024312 0.0 0.0 1.0
3.3599999999999737 -6.336229586353374e-05 3.264819115650858e-14 0.0 199.66249793572382 -294.9025670107828 -2.0624808917273427e-10 0.0 0.999994293024312 0.0 0.0 1.0
3.3699999999999735 -6.336229586353374e-05 3.26481911565086e-14 0.0 199.66249793572382 -294.9025670107828 -2.0624808917273427e-10 0.0 0.999994293024312 0.0 0.0 1.0
3.3799999999999732 -6.336229586353374e-05 3.2648191156552093e-14 0.0 199.66249793559064 -294.9025670107828 -2.0624808917273427e-10 0.0 0.999994293024312 0.0 0.0 1.0
3.389999999999973 -6.336229586353374e-05 3.264819115655211e-14 0.0 199.66249793559064 -294.9025670107828 -2.0624808917273427e-10 0.0 0.999994293024312 0.0 0.0 1.0
3.399999999999973 -6.336229586353374e-05 3.2648191156552093e-14 0.0 199.66249793559064 -294.9025670107828 -2.0624808917273427e-10 0.0 0.999994293024312 0.0 0.0 1.0
3.4099999999999726 -6.336229586353374e-05 3.264819115655211e-14 0.0 199.66249793559064 -294.9025670107828 -2.0624808917273427e-10 0.0 0.999994293024312 0.0 0.0 1.0
3.4199999999999724 -6.336229586353374e-05 3.264819115655211e-14 0.0 199.66249793559064 -294.9025670107828 -2.0624808917273427e-10 0.0 0.999994293024312 0.0 0.0 1.0
3.429999999999972 -6.336229586353374e-05 3.264819115655211e-14 0.0 199.66249793559064 -294.9025670107828 -2.0624808917273427e-10 0.0 0.999994293024312 0.0 0.0 1.0
3.439999999999972 -6.336229586353374e-05 3.2648191156552093e-14 0.0 199.66249793559064 -294.9025670107828 -2.0624808917273427e-10 0.0 0.999994293024312 0.0 0.0 1.0
3.4499999999999718 -6.336229586353374e-05 3.2648191156552093e-14 0.0 199.66249793559064 -294.9025670107828 -2.0624808917273427e-10 0.0 0.999994293024312 0.0 0.0 1.0
3.4599999999999715 -6.336229586353374e-05 3.264819115655208e-14 0.0 199.66249793559064 -294.9025670107828 -2.0624808917273427e-10 0.0 0.999994293024312 0.0 0.0 1.0
3.4699999999999713 -6.336229586353374e-05 3.264819115655211e-14 0.0 199.66249793559064 -294.9025670107828 -2.0624808917273427e-10 0.0 0.999994293024312 0.0 0.0 1.0
3.479999999999971 -6.336229586353374e-05 3.2648191156523076e-14 0.0 199.66249793567943 -294.9025670107828 -2.0624808917273427e-10 0.0 0.999994293024312 0.0 0.0 1.0
3.489999999999971 -6.336229586353374e-05 3.264819115650858e-14 0.0 199.66249793572382 -294.9025670107828 -2.0624808917273427e-10 0.0 0.999994293024312 0.0 0.0 1.0
